Time,Contract,Funding Interval,Funding Rate,Spot Closing Price,Futures Closing Price
2025-03-01 20:00:00,BTC Perpetual/USDT,Every 8 Hours,-0.0106%,86061.6,
2025-03-01 12:00:00,BTC Perpetual/USDT,Every 8 Hours,-0.0014%,84795.7,
2025-03-01 04:00:00,BTC Perpetual/USDT,Every 8 Hours,-0.0090%,84738.7,
2025-02-28 20:00:00,BTC Perpetual/USDT,Every 8 Hours,-0.0047%,84337.8,
2025-02-28 12:00:00,BTC Perpetual/USDT,Every 8 Hours,0.0154%,84023.3,
2025-02-28 04:00:00,BTC Perpetual/USDT,Every 8 Hours,0.0224%,79201.3,
2025-02-27 20:00:00,BTC Perpetual/USDT,Every 8 Hours,-0.0017%,84713.6,
2025-02-27 12:00:00,BTC Perpetual/USDT,Every 8 Hours,0.0052%,85503.2,
2025-02-27 04:00:00,BTC Perpetual/USDT,Every 8 Hours,0.0361%,86268.7,
2025-02-26 20:00:00,BTC Perpetual/USDT,Every 8 Hours,0.0154%,84242.6,
2025-02-26 12:00:00,BTC Perpetual/USDT,Every 8 Hours,0.0226%,87558.3,
2025-02-26 04:00:00,BTC Perpetual/USDT,Every 8 Hours,0.0252%,88721.0,
2025-02-25 20:00:00,BTC Perpetual/USDT,Every 8 Hours,0.0174%,88679.8,
2025-02-25 12:00:00,BTC Perpetual/USDT,Every 8 Hours,0.0197%,87230.7,
2025-02-25 04:00:00,BTC Perpetual/USDT,Every 8 Hours,0.0092%,89328.5,
2025-02-24 20:00:00,BTC Perpetual/USDT,Every 8 Hours,0.0104%,91565.0,
2025-02-24 12:00:00,BTC Perpetual/USDT,Every 8 Hours,0.0081%,94326.7,
2025-02-24 04:00:00,BTC Perpetual/USDT,Every 8 Hours,0.0023%,95870.0,
2025-02-23 20:00:00,BTC Perpetual/USDT,Every 8 Hours,0.0069%,96257.7,
2025-02-23 12:00:00,BTC Perpetual/USDT,Every 8 Hours,0.0006%,95453.0,
2025-02-23 04:00:00,BTC Perpetual/USDT,Every 8 Hours,0.0060%,96500.5,
2025-02-22 20:00:00,BTC Perpetual/USDT,Every 8 Hours,-0.0087%,96551.1,
2025-02-22 12:00:00,BTC Perpetual/USDT,Every 8 Hours,0.0277%,96591.1,
2025-02-22 04:00:00,BTC Perpetual/USDT,Every 8 Hours,0.0069%,96286.7,
2025-02-21 20:00:00,BTC Perpetual/USDT,Every 8 Hours,-0.0051%,96179.1,
2025-02-21 12:00:00,BTC Perpetual/USDT,Every 8 Hours,-0.0168%,98098.4,
2025-02-21 04:00:00,BTC Perpetual/USDT,Every 8 Hours,-0.0181%,98169.5,
2025-02-20 20:00:00,BTC Perpetual/USDT,Every 8 Hours,-0.0172%,98300.1,
2025-02-20 12:00:00,BTC Perpetual/USDT,Every 8 Hours,-0.0123%,96906.4,
2025-02-20 04:00:00,BTC Perpetual/USDT,Every 8 Hours,0.0083%,96855.2,
2025-02-19 20:00:00,BTC Perpetual/USDT,Every 8 Hours,-0.0059%,96643.8,
2025-02-19 12:00:00,BTC Perpetual/USDT,Every 8 Hours,0.0094%,95925.3,
2025-02-19 04:00:00,BTC Perpetual/USDT,Every 8 Hours,0.0067%,95686.9,
2025-02-18 20:00:00,BTC Perpetual/USDT,Every 8 Hours,0.0179%,95656.7,
2025-02-18 12:00:00,BTC Perpetual/USDT,Every 8 Hours,-0.0031%,95555.3,
2025-02-18 04:00:00,BTC Perpetual/USDT,Every 8 Hours,-0.0016%,95456.3,
2025-02-17 20:00:00,BTC Perpetual/USDT,Every 8 Hours,0.0052%,95770.2,
2025-02-17 12:00:00,BTC Perpetual/USDT,Every 8 Hours,0.0128%,95662.3,
2025-02-17 04:00:00,BTC Perpetual/USDT,Every 8 Hours,0.0098%,96076.1,
2025-02-16 20:00:00,BTC Perpetual/USDT,Every 8 Hours,0.0009%,96123.4,
2025-02-16 12:00:00,BTC Perpetual/USDT,Every 8 Hours,-0.0004%,96907.7,
2025-02-16 04:00:00,BTC Perpetual/USDT,Every 8 Hours,0.0051%,97257.0,
2025-02-15 20:00:00,BTC Perpetual/USDT,Every 8 Hours,0.0058%,97576.0,
2025-02-15 12:00:00,BTC Perpetual/USDT,Every 8 Hours,-0.0037%,97631.1,
2025-02-15 04:00:00,BTC Perpetual/USDT,Every 8 Hours,-0.0088%,97350.9,
2025-02-14 20:00:00,BTC Perpetual/USDT,Every 8 Hours,0.0028%,97491.2,
2025-02-14 12:00:00,BTC Perpetual/USDT,Every 8 Hours,-0.0118%,96924.9,
2025-02-14 04:00:00,BTC Perpetual/USDT,Every 8 Hours,0.0106%,96934.0,
2025-02-13 20:00:00,BTC Perpetual/USDT,Every 8 Hours,0.0253%,96611.4,
2025-02-13 12:00:00,BTC Perpetual/USDT,Every 8 Hours,-0.0112%,95998.0,
2025-02-13 04:00:00,BTC Perpetual/USDT,Every 8 Hours,0.0040%,96070.5,
2025-02-12 20:00:00,BTC Perpetual/USDT,Every 8 Hours,0.0023%,97861.7,
2025-02-12 12:00:00,BTC Perpetual/USDT,Every 8 Hours,0.0058%,95814.1,
2025-02-12 04:00:00,BTC Perpetual/USDT,Every 8 Hours,0.0143%,96073.4,
2025-02-11 20:00:00,BTC Perpetual/USDT,Every 8 Hours,-0.0091%,95780.0,
2025-02-11 12:00:00,BTC Perpetual/USDT,Every 8 Hours,-0.0105%,97012.0,
2025-02-11 04:00:00,BTC Perpetual/USDT,Every 8 Hours,0.0012%,98270.7,
2025-02-10 20:00:00,BTC Perpetual/USDT,Every 8 Hours,-0.0020%,97433.3,
2025-02-10 12:00:00,BTC Perpetual/USDT,Every 8 Hours,-0.0104%,97230.4,
2025-02-10 04:00:00,BTC Perpetual/USDT,Every 8 Hours,0.0202%,97432.9,
2025-02-09 20:00:00,BTC Perpetual/USDT,Every 8 Hours,0.0009%,96467.7,
2025-02-09 12:00:00,BTC Perpetual/USDT,Every 8 Hours,-0.0167%,96484.8,
2025-02-09 04:00:00,BTC Perpetual/USDT,Every 8 Hours,0%,97061.4,
2025-02-08 20:00:00,BTC Perpetual/USDT,Every 8 Hours,0.0094%,96447.2,
2025-02-08 12:00:00,BTC Perpetual/USDT,Every 8 Hours,0.0012%,95838.1,
2025-02-08 04:00:00,BTC Perpetual/USDT,Every 8 Hours,0.0131%,96199.7,
2025-02-07 20:00:00,BTC Perpetual/USDT,Every 8 Hours,-0.0144%,96511.4,
2025-02-07 12:00:00,BTC Perpetual/USDT,Every 8 Hours,0.0091%,98288.8,
2025-02-07 04:00:00,BTC Perpetual/USDT,Every 8 Hours,0.0051%,96748.3,
2025-02-06 20:00:00,BTC Perpetual/USDT,Every 8 Hours,-0.0003%,96555.7,
2025-02-06 12:00:00,BTC Perpetual/USDT,Every 8 Hours,0.0071%,97329.6,
2025-02-06 04:00:00,BTC Perpetual/USDT,Every 8 Hours,0.0098%,98191.3,
2025-02-05 20:00:00,BTC Perpetual/USDT,Every 8 Hours,0.0096%,96616.6,
2025-02-05 12:00:00,BTC Perpetual/USDT,Every 8 Hours,-0.0091%,98104.2,
2025-02-05 04:00:00,BTC Perpetual/USDT,Every 8 Hours,0.0012%,97851.2,
2025-02-04 20:00:00,BTC Perpetual/USDT,Every 8 Hours,0.0122%,97774.5,
2025-02-04 12:00:00,BTC Perpetual/USDT,Every 8 Hours,-0.0160%,99356.4,
2025-02-04 04:00:00,BTC Perpetual/USDT,Every 8 Hours,0.0006%,98444.5,
2025-02-03 20:00:00,BTC Perpetual/USDT,Every 8 Hours,-0.0188%,101351.0,
2025-02-03 12:00:00,BTC Perpetual/USDT,Every 8 Hours,0.0295%,98845.6,
2025-02-03 04:00:00,BTC Perpetual/USDT,Every 8 Hours,0.0181%,95311.4,
2025-02-02 20:00:00,BTC Perpetual/USDT,Every 8 Hours,0.0054%,97693.9,
2025-02-02 12:00:00,BTC Perpetual/USDT,Every 8 Hours,0.0034%,99349.4,
2025-02-02 04:00:00,BTC Perpetual/USDT,Every 8 Hours,0.0070%,99636.3,
2025-02-01 20:00:00,BTC Perpetual/USDT,Every 8 Hours,0.0008%,100632.5,
2025-02-01 12:00:00,BTC Perpetual/USDT,Every 8 Hours,0.0287%,102072.1,
2025-02-01 04:00:00,BTC Perpetual/USDT,Every 8 Hours,-0.0010%,102167.1,
2025-01-31 20:00:00,BTC Perpetual/USDT,Every 8 Hours,0.0102%,102436.3,
2025-01-31 12:00:00,BTC Perpetual/USDT,Every 8 Hours,0.0014%,105453.3,
2025-01-31 04:00:00,BTC Perpetual/USDT,Every 8 Hours,-0.0071%,104198.8,
2025-01-30 20:00:00,BTC Perpetual/USDT,Every 8 Hours,-0.0016%,104719.2,
2025-01-30 12:00:00,BTC Perpetual/USDT,Every 8 Hours,-0.0070%,105560.3,
2025-01-30 04:00:00,BTC Perpetual/USDT,Every 8 Hours,0.0091%,105121.3,
2025-01-29 20:00:00,BTC Perpetual/USDT,Every 8 Hours,0.0001%,103736.1,
2025-01-29 12:00:00,BTC Perpetual/USDT,Every 8 Hours,0.0010%,101988.5,
2025-01-29 04:00:00,BTC Perpetual/USDT,Every 8 Hours,0.0142%,102752.6,
2025-01-28 20:00:00,BTC Perpetual/USDT,Every 8 Hours,-0.0129%,101336.8,
2025-01-28 12:00:00,BTC Perpetual/USDT,Every 8 Hours,0.0054%,102775.2,
2025-01-28 04:00:00,BTC Perpetual/USDT,Every 8 Hours,0.0054%,102801.8,
2025-01-27 20:00:00,BTC Perpetual/USDT,Every 8 Hours,0.0132%,102083.3,
2025-01-27 12:00:00,BTC Perpetual/USDT,Every 8 Hours,-0.0006%,101112.7,
2025-01-27 04:00:00,BTC Perpetual/USDT,Every 8 Hours,0.0213%,99054.1,
2025-01-26 20:00:00,BTC Perpetual/USDT,Every 8 Hours,0.0208%,102617.4,
2025-01-26 12:00:00,BTC Perpetual/USDT,Every 8 Hours,0.0142%,104963.0,
2025-01-26 04:00:00,BTC Perpetual/USDT,Every 8 Hours,0.0153%,105002.9,
2025-01-25 20:00:00,BTC Perpetual/USDT,Every 8 Hours,0.0094%,104740.1,
2025-01-25 12:00:00,BTC Perpetual/USDT,Every 8 Hours,0.0032%,104888.5,
2025-01-25 04:00:00,BTC Perpetual/USDT,Every 8 Hours,-0.0116%,104390.2,
2025-01-24 20:00:00,BTC Perpetual/USDT,Every 8 Hours,0.0018%,104857.2,
2025-01-24 12:00:00,BTC Perpetual/USDT,Every 8 Hours,0.0033%,105860.6,
2025-01-24 04:00:00,BTC Perpetual/USDT,Every 8 Hours,0.0080%,105039.9,
2025-01-23 20:00:00,BTC Perpetual/USDT,Every 8 Hours,0.0034%,103907.0,
2025-01-23 12:00:00,BTC Perpetual/USDT,Every 8 Hours,0.0113%,105260.2,
2025-01-23 04:00:00,BTC Perpetual/USDT,Every 8 Hours,0.0074%,102707.2,
2025-01-22 20:00:00,BTC Perpetual/USDT,Every 8 Hours,0.0097%,103704.0,
2025-01-22 12:00:00,BTC Perpetual/USDT,Every 8 Hours,-0.0079%,104184.2,
2025-01-22 04:00:00,BTC Perpetual/USDT,Every 8 Hours,0.0075%,105079.0,
2025-01-21 20:00:00,BTC Perpetual/USDT,Every 8 Hours,0.0147%,106140.2,
2025-01-21 12:00:00,BTC Perpetual/USDT,Every 8 Hours,0.0234%,103934.1,
2025-01-21 04:00:00,BTC Perpetual/USDT,Every 8 Hours,-0.0085%,101979.3,
2025-01-20 20:00:00,BTC Perpetual/USDT,Every 8 Hours,0.0476%,102265.0,
2025-01-20 12:00:00,BTC Perpetual/USDT,Every 8 Hours,0.0144%,104939.8,
2025-01-20 04:00:00,BTC Perpetual/USDT,Every 8 Hours,0.0049%,107102.7,
2025-01-19 20:00:00,BTC Perpetual/USDT,Every 8 Hours,-0.0018%,101317.1,
2025-01-19 12:00:00,BTC Perpetual/USDT,Every 8 Hours,-0.0004%,104944.4,
2025-01-19 04:00:00,BTC Perpetual/USDT,Every 8 Hours,0.0091%,105168.9,
2025-01-18 20:00:00,BTC Perpetual/USDT,Every 8 Hours,0.0144%,104550.6,
2025-01-18 12:00:00,BTC Perpetual/USDT,Every 8 Hours,0.0057%,104567.1,
2025-01-18 04:00:00,BTC Perpetual/USDT,Every 8 Hours,-0.0122%,102818.5,
2025-01-17 20:00:00,BTC Perpetual/USDT,Every 8 Hours,0.0115%,104076.3,
2025-01-17 12:00:00,BTC Perpetual/USDT,Every 8 Hours,-0.0111%,103979.5,
2025-01-17 04:00:00,BTC Perpetual/USDT,Every 8 Hours,0.0105%,101434.3,
2025-01-16 20:00:00,BTC Perpetual/USDT,Every 8 Hours,0.0089%,99986.3,
2025-01-16 12:00:00,BTC Perpetual/USDT,Every 8 Hours,-0.0092%,99303.8,
2025-01-16 04:00:00,BTC Perpetual/USDT,Every 8 Hours,-0.0081%,99800.0,
2025-01-15 20:00:00,BTC Perpetual/USDT,Every 8 Hours,0.0017%,100495.6,
2025-01-15 12:00:00,BTC Perpetual/USDT,Every 8 Hours,-0.0115%,98973.7,
2025-01-15 04:00:00,BTC Perpetual/USDT,Every 8 Hours,0.0049%,97298.8,
2025-01-14 20:00:00,BTC Perpetual/USDT,Every 8 Hours,0.0053%,96565.3,
2025-01-14 12:00:00,BTC Perpetual/USDT,Every 8 Hours,-0.0049%,96465.5,
2025-01-14 04:00:00,BTC Perpetual/USDT,Every 8 Hours,0.0103%,94852.6,
2025-01-13 20:00:00,BTC Perpetual/USDT,Every 8 Hours,0.0084%,94525.7,
2025-01-13 12:00:00,BTC Perpetual/USDT,Every 8 Hours,0.0143%,92127.6,
2025-01-13 04:00:00,BTC Perpetual/USDT,Every 8 Hours,0.0023%,93598.3,
2025-01-12 20:00:00,BTC Perpetual/USDT,Every 8 Hours,0.0208%,94539.8,
2025-01-12 12:00:00,BTC Perpetual/USDT,Every 8 Hours,0.0101%,95071.5,
2025-01-12 04:00:00,BTC Perpetual/USDT,Every 8 Hours,0.0183%,94323.7,
2025-01-11 20:00:00,BTC Perpetual/USDT,Every 8 Hours,0.0141%,94606.5,
2025-01-11 12:00:00,BTC Perpetual/USDT,Every 8 Hours,0.0113%,94414.6,
2025-01-11 04:00:00,BTC Perpetual/USDT,Every 8 Hours,0.0078%,94249.1,
2025-01-10 20:00:00,BTC Perpetual/USDT,Every 8 Hours,0%,94721.4,
2025-01-10 12:00:00,BTC Perpetual/USDT,Every 8 Hours,0.0076%,93733.9,
2025-01-10 04:00:00,BTC Perpetual/USDT,Every 8 Hours,0.0164%,94498.9,
2025-01-09 20:00:00,BTC Perpetual/USDT,Every 8 Hours,0.0118%,92548.5,
2025-01-09 12:00:00,BTC Perpetual/USDT,Every 8 Hours,0.0137%,94239.8,
2025-01-09 04:00:00,BTC Perpetual/USDT,Every 8 Hours,0.0163%,93229.3,
2025-01-08 20:00:00,BTC Perpetual/USDT,Every 8 Hours,0.0156%,95056.8,
2025-01-08 12:00:00,BTC Perpetual/USDT,Every 8 Hours,0.0096%,95457.1,
2025-01-08 04:00:00,BTC Perpetual/USDT,Every 8 Hours,0.0391%,95657.2,
2025-01-07 20:00:00,BTC Perpetual/USDT,Every 8 Hours,0.0123%,96959.2,
2025-01-07 12:00:00,BTC Perpetual/USDT,Every 8 Hours,0.0057%,97951.4,
2025-01-07 04:00:00,BTC Perpetual/USDT,Every 8 Hours,-0.0054%,101679.1,
2025-01-06 20:00:00,BTC Perpetual/USDT,Every 8 Hours,0.0051%,102224.3,
2025-01-06 12:00:00,BTC Perpetual/USDT,Every 8 Hours,0.0028%,102137.2,
2025-01-06 04:00:00,BTC Perpetual/USDT,Every 8 Hours,0.0109%,99310.7,
2025-01-05 20:00:00,BTC Perpetual/USDT,Every 8 Hours,0.0152%,98360.8,
2025-01-05 12:00:00,BTC Perpetual/USDT,Every 8 Hours,0.0125%,98023.6,
2025-01-05 04:00:00,BTC Perpetual/USDT,Every 8 Hours,0.0206%,98264.2,
2025-01-04 20:00:00,BTC Perpetual/USDT,Every 8 Hours,0.0281%,98215.4,
2025-01-04 12:00:00,BTC Perpetual/USDT,Every 8 Hours,0.0073%,97667.0,
2025-01-04 04:00:00,BTC Perpetual/USDT,Every 8 Hours,-0.0002%,98278.6,
2025-01-03 20:00:00,BTC Perpetual/USDT,Every 8 Hours,0.0207%,98173.9,
2025-01-03 12:00:00,BTC Perpetual/USDT,Every 8 Hours,0.0105%,97510.1,
2025-01-03 04:00:00,BTC Perpetual/USDT,Every 8 Hours,0.0007%,96311.1,
2025-01-02 20:00:00,BTC Perpetual/USDT,Every 8 Hours,0.0028%,96983.8,
2025-01-02 12:00:00,BTC Perpetual/USDT,Every 8 Hours,0.0025%,96466.7,
2025-01-02 04:00:00,BTC Perpetual/USDT,Every 8 Hours,0.0110%,95817.3,
2025-01-01 20:00:00,BTC Perpetual/USDT,Every 8 Hours,0.0080%,94584.1,
2025-01-01 12:00:00,BTC Perpetual/USDT,Every 8 Hours,0.0259%,94446.9,
2025-01-01 04:00:00,BTC Perpetual/USDT,Every 8 Hours,0.0029%,93693.0,
2024-12-31 20:00:00,BTC Perpetual/USDT,Every 8 Hours,0.0143%,93574.3,
2024-12-31 12:00:00,BTC Perpetual/USDT,Every 8 Hours,0.0236%,95413.2,
2024-12-31 04:00:00,BTC Perpetual/USDT,Every 8 Hours,0.0087%,92860.8,
2024-12-30 20:00:00,BTC Perpetual/USDT,Every 8 Hours,0.0174%,92796.2,
2024-12-30 12:00:00,BTC Perpetual/USDT,Every 8 Hours,0.0186%,92126.0,
2024-12-30 04:00:00,BTC Perpetual/USDT,Every 8 Hours,0.0192%,93733.2,
2024-12-29 20:00:00,BTC Perpetual/USDT,Every 8 Hours,0.0251%,93739.7,
2024-12-29 12:00:00,BTC Perpetual/USDT,Every 8 Hours,0.0228%,94503.9,
2024-12-29 04:00:00,BTC Perpetual/USDT,Every 8 Hours,0.0286%,95271.8,
2024-12-28 20:00:00,BTC Perpetual/USDT,Every 8 Hours,0.0204%,95306.7,
2024-12-28 12:00:00,BTC Perpetual/USDT,Every 8 Hours,0.0313%,94447.7,
2024-12-28 04:00:00,BTC Perpetual/USDT,Every 8 Hours,0.0319%,94373.9,
2024-12-27 20:00:00,BTC Perpetual/USDT,Every 8 Hours,0.0277%,94286.1,
2024-12-27 12:00:00,BTC Perpetual/USDT,Every 8 Hours,0.0220%,94575.5,
2024-12-27 04:00:00,BTC Perpetual/USDT,Every 8 Hours,0.0233%,95106.4,
2024-12-26 20:00:00,BTC Perpetual/USDT,Every 8 Hours,0.0222%,95785.8,
2024-12-26 12:00:00,BTC Perpetual/USDT,Every 8 Hours,0.0133%,96047.7,
2024-12-26 04:00:00,BTC Perpetual/USDT,Every 8 Hours,0.0092%,97713.6,
2024-12-25 20:00:00,BTC Perpetual/USDT,Every 8 Hours,0.0239%,99434.8,
2024-12-25 12:00:00,BTC Perpetual/USDT,Every 8 Hours,0.0093%,98518.3,
2024-12-25 04:00:00,BTC Perpetual/USDT,Every 8 Hours,0.0049%,98092.3,
2024-12-24 20:00:00,BTC Perpetual/USDT,Every 8 Hours,0.0024%,98661.7,
2024-12-24 12:00:00,BTC Perpetual/USDT,Every 8 Hours,0.0198%,98288.5,
2024-12-24 04:00:00,BTC Perpetual/USDT,Every 8 Hours,0.0398%,94232.1,
2024-12-23 20:00:00,BTC Perpetual/USDT,Every 8 Hours,0.0110%,94885.9,
2024-12-23 12:00:00,BTC Perpetual/USDT,Every 8 Hours,0.0191%,93250.7,
2024-12-23 04:00:00,BTC Perpetual/USDT,Every 8 Hours,0.0169%,95400.2,
2024-12-22 20:00:00,BTC Perpetual/USDT,Every 8 Hours,0.0130%,95186.2,
2024-12-22 12:00:00,BTC Perpetual/USDT,Every 8 Hours,0.0186%,95364.0,
2024-12-22 04:00:00,BTC Perpetual/USDT,Every 8 Hours,0.0185%,96205.8,
2024-12-21 20:00:00,BTC Perpetual/USDT,Every 8 Hours,0.0055%,97280.2,
2024-12-21 12:00:00,BTC Perpetual/USDT,Every 8 Hours,0.0109%,97521.9,
2024-12-21 04:00:00,BTC Perpetual/USDT,Every 8 Hours,0.0160%,99037.8,
2024-12-20 20:00:00,BTC Perpetual/USDT,Every 8 Hours,0.0071%,97799.9,
2024-12-20 12:00:00,BTC Perpetual/USDT,Every 8 Hours,0.0241%,96991.1,
2024-12-20 04:00:00,BTC Perpetual/USDT,Every 8 Hours,0.0045%,97843.6,
2024-12-19 20:00:00,BTC Perpetual/USDT,Every 8 Hours,0.0208%,97456.6,
2024-12-19 12:00:00,BTC Perpetual/USDT,Every 8 Hours,0.0326%,100639.0,
2024-12-19 04:00:00,BTC Perpetual/USDT,Every 8 Hours,0.0180%,101654.6,
2024-12-18 20:00:00,BTC Perpetual/USDT,Every 8 Hours,0.0300%,100202.9,
2024-12-18 12:00:00,BTC Perpetual/USDT,Every 8 Hours,0.0158%,104416.8,
2024-12-18 04:00:00,BTC Perpetual/USDT,Every 8 Hours,0.0139%,104244.9,
2024-12-17 20:00:00,BTC Perpetual/USDT,Every 8 Hours,0.0200%,106149.9,
2024-12-17 12:00:00,BTC Perpetual/USDT,Every 8 Hours,0.0180%,106478.6,
2024-12-17 04:00:00,BTC Perpetual/USDT,Every 8 Hours,-0.0056%,106813.9,
2024-12-16 20:00:00,BTC Perpetual/USDT,Every 8 Hours,0.0120%,106060.3,
2024-12-16 12:00:00,BTC Perpetual/USDT,Every 8 Hours,0.0194%,106326.2,
2024-12-16 04:00:00,BTC Perpetual/USDT,Every 8 Hours,0.0073%,104984.0,
2024-12-15 20:00:00,BTC Perpetual/USDT,Every 8 Hours,0.0069%,104469.1,
2024-12-15 12:00:00,BTC Perpetual/USDT,Every 8 Hours,0%,102702.4,
2024-12-15 04:00:00,BTC Perpetual/USDT,Every 8 Hours,0.0101%,101731.1,
2024-12-14 20:00:00,BTC Perpetual/USDT,Every 8 Hours,0.0112%,101418.8,
2024-12-14 12:00:00,BTC Perpetual/USDT,Every 8 Hours,-0.0014%,101628.1,
2024-12-14 04:00:00,BTC Perpetual/USDT,Every 8 Hours,-0.0066%,101819.7,
2024-12-13 20:00:00,BTC Perpetual/USDT,Every 8 Hours,0.0095%,101413.2,
2024-12-13 12:00:00,BTC Perpetual/USDT,Every 8 Hours,0.0125%,99876.9,
2024-12-13 04:00:00,BTC Perpetual/USDT,Every 8 Hours,-0.0025%,100129.6,
2024-12-12 20:00:00,BTC Perpetual/USDT,Every 8 Hours,0.0102%,100002.9,
2024-12-12 12:00:00,BTC Perpetual/USDT,Every 8 Hours,-0.0014%,101794.5,
2024-12-12 04:00:00,BTC Perpetual/USDT,Every 8 Hours,-0.0142%,100511.6,
2024-12-11 20:00:00,BTC Perpetual/USDT,Every 8 Hours,0.0102%,101110.4,
2024-12-11 12:00:00,BTC Perpetual/USDT,Every 8 Hours,0.0046%,100346.2,
2024-12-11 04:00:00,BTC Perpetual/USDT,Every 8 Hours,0.0249%,97327.1,
2024-12-10 20:00:00,BTC Perpetual/USDT,Every 8 Hours,0.0171%,96582.1,
2024-12-10 12:00:00,BTC Perpetual/USDT,Every 8 Hours,0.0261%,95654.3,
2024-12-10 04:00:00,BTC Perpetual/USDT,Every 8 Hours,0.0432%,97202.0,
2024-12-09 20:00:00,BTC Perpetual/USDT,Every 8 Hours,0.0587%,97272.9,
2024-12-09 12:00:00,BTC Perpetual/USDT,Every 8 Hours,0.0694%,97800.7,
2024-12-09 04:00:00,BTC Perpetual/USDT,Every 8 Hours,0.0625%,99574.9,
2024-12-08 20:00:00,BTC Perpetual/USDT,Every 8 Hours,0.0521%,101106.5,
2024-12-08 12:00:00,BTC Perpetual/USDT,Every 8 Hours,0.0271%,99914.5,
2024-12-08 04:00:00,BTC Perpetual/USDT,Every 8 Hours,0.0575%,99673.7,
2024-12-07 20:00:00,BTC Perpetual/USDT,Every 8 Hours,0.0991%,99832.6,
2024-12-07 12:00:00,BTC Perpetual/USDT,Every 8 Hours,0.0423%,99754.5,
2024-12-07 04:00:00,BTC Perpetual/USDT,Every 8 Hours,0.0313%,99401.4,
2024-12-06 20:00:00,BTC Perpetual/USDT,Every 8 Hours,0.0470%,99729.4,
2024-12-06 12:00:00,BTC Perpetual/USDT,Every 8 Hours,0.1036%,99314.3,
2024-12-06 04:00:00,BTC Perpetual/USDT,Every 8 Hours,0.1155%,98137.8,
2024-12-05 20:00:00,BTC Perpetual/USDT,Every 8 Hours,0.1451%,96927.3,
2024-12-05 12:00:00,BTC Perpetual/USDT,Every 8 Hours,0.0722%,101292.1,
2024-12-05 04:00:00,BTC Perpetual/USDT,Every 8 Hours,0.0664%,102229.0,
2024-12-04 20:00:00,BTC Perpetual/USDT,Every 8 Hours,0.0492%,98618.3,
2024-12-04 12:00:00,BTC Perpetual/USDT,Every 8 Hours,0.0552%,95732.4,
2024-12-04 04:00:00,BTC Perpetual/USDT,Every 8 Hours,0.0604%,96583.8,
2024-12-03 20:00:00,BTC Perpetual/USDT,Every 8 Hours,0.0631%,95845.3,
2024-12-03 12:00:00,BTC Perpetual/USDT,Every 8 Hours,0.0640%,95681.6,
2024-12-03 04:00:00,BTC Perpetual/USDT,Every 8 Hours,0.0594%,95547.3,
2024-12-02 20:00:00,BTC Perpetual/USDT,Every 8 Hours,0.0669%,95826.8,
2024-12-02 12:00:00,BTC Perpetual/USDT,Every 8 Hours,0.0556%,97043.0,
2024-12-02 04:00:00,BTC Perpetual/USDT,Every 8 Hours,0.0333%,95999.5,
2024-12-01 20:00:00,BTC Perpetual/USDT,Every 8 Hours,0.0429%,97185.7,
2024-12-01 12:00:00,BTC Perpetual/USDT,Every 8 Hours,0.0365%,97032.2,
2024-12-01 04:00:00,BTC Perpetual/USDT,Every 8 Hours,0.0346%,96466.9,
2024-11-30 20:00:00,BTC Perpetual/USDT,Every 8 Hours,0.0488%,96395.3,
2024-11-30 12:00:00,BTC Perpetual/USDT,Every 8 Hours,0.0332%,96638.7,
2024-11-30 04:00:00,BTC Perpetual/USDT,Every 8 Hours,0.0287%,96780.1,
2024-11-29 20:00:00,BTC Perpetual/USDT,Every 8 Hours,0.0309%,97458.0,
2024-11-29 12:00:00,BTC Perpetual/USDT,Every 8 Hours,0.0348%,97987.0,
2024-11-29 04:00:00,BTC Perpetual/USDT,Every 8 Hours,0.0460%,95618.6,
2024-11-28 20:00:00,BTC Perpetual/USDT,Every 8 Hours,0.0202%,95642.3,
2024-11-28 12:00:00,BTC Perpetual/USDT,Every 8 Hours,0.0116%,94995.2,
2024-11-28 04:00:00,BTC Perpetual/USDT,Every 8 Hours,0.0128%,95305.1,
2024-11-27 20:00:00,BTC Perpetual/USDT,Every 8 Hours,0.0351%,95854.3,
2024-11-27 12:00:00,BTC Perpetual/USDT,Every 8 Hours,0.0698%,95551.4,
2024-11-27 04:00:00,BTC Perpetual/USDT,Every 8 Hours,0.0516%,93587.0,
2024-11-26 20:00:00,BTC Perpetual/USDT,Every 8 Hours,0.0498%,91958.3,
2024-11-26 12:00:00,BTC Perpetual/USDT,Every 8 Hours,0.0452%,92800.0,
2024-11-26 04:00:00,BTC Perpetual/USDT,Every 8 Hours,0.0847%,93786.3,
2024-11-25 20:00:00,BTC Perpetual/USDT,Every 8 Hours,0.0317%,92999.0,
2024-11-25 12:00:00,BTC Perpetual/USDT,Every 8 Hours,0.0565%,95998.0,
2024-11-25 04:00:00,BTC Perpetual/USDT,Every 8 Hours,0.0893%,98048.0,
2024-11-24 20:00:00,BTC Perpetual/USDT,Every 8 Hours,0.0560%,97891.9,
2024-11-24 12:00:00,BTC Perpetual/USDT,Every 8 Hours,0.0600%,95913.9,
2024-11-24 04:00:00,BTC Perpetual/USDT,Every 8 Hours,0.0614%,98410.6,
2024-11-23 20:00:00,BTC Perpetual/USDT,Every 8 Hours,0.0332%,97684.1,
2024-11-23 12:00:00,BTC Perpetual/USDT,Every 8 Hours,0.0150%,98381.9,
2024-11-23 04:00:00,BTC Perpetual/USDT,Every 8 Hours,0.0242%,98558.1,
2024-11-22 20:00:00,BTC Perpetual/USDT,Every 8 Hours,0.0517%,98891.4,
2024-11-22 12:00:00,BTC Perpetual/USDT,Every 8 Hours,0.0284%,98642.2,
2024-11-22 04:00:00,BTC Perpetual/USDT,Every 8 Hours,0.0178%,99183.5,
2024-11-21 20:00:00,BTC Perpetual/USDT,Every 8 Hours,0.0276%,98317.0,
2024-11-21 12:00:00,BTC Perpetual/USDT,Every 8 Hours,0.0020%,96661.4,
2024-11-21 04:00:00,BTC Perpetual/USDT,Every 8 Hours,-0.0098%,96924.3,
2024-11-20 20:00:00,BTC Perpetual/USDT,Every 8 Hours,0.0234%,94285.0,
2024-11-20 12:00:00,BTC Perpetual/USDT,Every 8 Hours,0.0439%,94725.8,
2024-11-20 04:00:00,BTC Perpetual/USDT,Every 8 Hours,0.0316%,92840.3,
2024-11-19 20:00:00,BTC Perpetual/USDT,Every 8 Hours,0.0481%,92292.1,
2024-11-19 12:00:00,BTC Perpetual/USDT,Every 8 Hours,0.0544%,92377.6,
2024-11-19 04:00:00,BTC Perpetual/USDT,Every 8 Hours,0.0607%,91612.0,
2024-11-18 20:00:00,BTC Perpetual/USDT,Every 8 Hours,0.0521%,90465.7,
2024-11-18 12:00:00,BTC Perpetual/USDT,Every 8 Hours,0.0425%,92289.2,
2024-11-18 04:00:00,BTC Perpetual/USDT,Every 8 Hours,0.0468%,91704.1,
2024-11-17 20:00:00,BTC Perpetual/USDT,Every 8 Hours,0.0283%,89854.2,
2024-11-17 12:00:00,BTC Perpetual/USDT,Every 8 Hours,0.0202%,90258.9,
2024-11-17 04:00:00,BTC Perpetual/USDT,Every 8 Hours,0.0305%,90540.4,
2024-11-16 20:00:00,BTC Perpetual/USDT,Every 8 Hours,0.0155%,90573.2,
2024-11-16 12:00:00,BTC Perpetual/USDT,Every 8 Hours,0.0104%,90521.3,
2024-11-16 04:00:00,BTC Perpetual/USDT,Every 8 Hours,0.0125%,91119.5,
2024-11-15 20:00:00,BTC Perpetual/USDT,Every 8 Hours,0.0299%,91042.3,
2024-11-15 12:00:00,BTC Perpetual/USDT,Every 8 Hours,0.0299%,88431.1,
2024-11-15 04:00:00,BTC Perpetual/USDT,Every 8 Hours,0.0231%,87618.5,
2024-11-14 20:00:00,BTC Perpetual/USDT,Every 8 Hours,0.0466%,87322.4,
2024-11-14 12:00:00,BTC Perpetual/USDT,Every 8 Hours,0.0322%,87949.3,
2024-11-14 04:00:00,BTC Perpetual/USDT,Every 8 Hours,0.0415%,90771.5,
2024-11-13 20:00:00,BTC Perpetual/USDT,Every 8 Hours,0.0360%,90375.4,
2024-11-13 12:00:00,BTC Perpetual/USDT,Every 8 Hours,0.0050%,92544.4,
2024-11-13 04:00:00,BTC Perpetual/USDT,Every 8 Hours,0.0641%,87348.8,
2024-11-12 20:00:00,BTC Perpetual/USDT,Every 8 Hours,0.1098%,87936.9,
2024-11-12 12:00:00,BTC Perpetual/USDT,Every 8 Hours,0.0836%,86614.1,
2024-11-12 04:00:00,BTC Perpetual/USDT,Every 8 Hours,0.0165%,88985.7,
2024-11-11 20:00:00,BTC Perpetual/USDT,Every 8 Hours,-0.0179%,88637.1,
2024-11-11 12:00:00,BTC Perpetual/USDT,Every 8 Hours,0.0285%,84048.2,
2024-11-11 04:00:00,BTC Perpetual/USDT,Every 8 Hours,0.0244%,81118.1,
2024-11-10 20:00:00,BTC Perpetual/USDT,Every 8 Hours,0.0300%,80359.5,
2024-11-10 12:00:00,BTC Perpetual/USDT,Every 8 Hours,0.0319%,79685.8,
2024-11-10 04:00:00,BTC Perpetual/USDT,Every 8 Hours,0.0054%,78840.3,
2024-11-09 20:00:00,BTC Perpetual/USDT,Every 8 Hours,0.0007%,76684.1,
2024-11-09 12:00:00,BTC Perpetual/USDT,Every 8 Hours,-0.0232%,76316.8,
2024-11-09 04:00:00,BTC Perpetual/USDT,Every 8 Hours,0.0012%,76532.6,
2024-11-08 20:00:00,BTC Perpetual/USDT,Every 8 Hours,0.0339%,76506.9,
2024-11-08 12:00:00,BTC Perpetual/USDT,Every 8 Hours,0.0061%,76412.3,
2024-11-08 04:00:00,BTC Perpetual/USDT,Every 8 Hours,-0.0035%,76161.8,
2024-11-07 20:00:00,BTC Perpetual/USDT,Every 8 Hours,0.0322%,75865.4,
2024-11-07 12:00:00,BTC Perpetual/USDT,Every 8 Hours,0.0075%,76059.8,
2024-11-07 04:00:00,BTC Perpetual/USDT,Every 8 Hours,-0.0047%,74769.3,
2024-11-06 20:00:00,BTC Perpetual/USDT,Every 8 Hours,0.0419%,75581.7,
2024-11-06 12:00:00,BTC Perpetual/USDT,Every 8 Hours,0.0169%,74301.6,
2024-11-06 04:00:00,BTC Perpetual/USDT,Every 8 Hours,-0.0011%,73366.4,
2024-11-05 20:00:00,BTC Perpetual/USDT,Every 8 Hours,0.0096%,69374.9,
2024-11-05 12:00:00,BTC Perpetual/USDT,Every 8 Hours,0.0219%,69629.2,
2024-11-05 04:00:00,BTC Perpetual/USDT,Every 8 Hours,0.0174%,68892.3,
2024-11-04 20:00:00,BTC Perpetual/USDT,Every 8 Hours,0.0163%,67857.2,
2024-11-04 12:00:00,BTC Perpetual/USDT,Every 8 Hours,0.0187%,68642.2,
2024-11-04 04:00:00,BTC Perpetual/USDT,Every 8 Hours,0.0116%,68612.0,
2024-11-03 20:00:00,BTC Perpetual/USDT,Every 8 Hours,0.0200%,68771.5,
2024-11-03 12:00:00,BTC Perpetual/USDT,Every 8 Hours,0.0206%,68084.8,
2024-11-03 04:00:00,BTC Perpetual/USDT,Every 8 Hours,0.0139%,68398.1,
2024-11-02 20:00:00,BTC Perpetual/USDT,Every 8 Hours,0.0082%,69376.8,
2024-11-02 12:00:00,BTC Perpetual/USDT,Every 8 Hours,0.0153%,69392.9,
2024-11-02 04:00:00,BTC Perpetual/USDT,Every 8 Hours,-0.0045%,69812.6,
2024-11-01 20:00:00,BTC Perpetual/USDT,Every 8 Hours,0.0022%,69495.2,
2024-11-01 12:00:00,BTC Perpetual/USDT,Every 8 Hours,0.0045%,69389.0,
2024-11-01 04:00:00,BTC Perpetual/USDT,Every 8 Hours,0.0414%,69274.2,
2024-10-31 20:00:00,BTC Perpetual/USDT,Every 8 Hours,0.0031%,70298.2,
2024-10-31 12:00:00,BTC Perpetual/USDT,Every 8 Hours,0.0106%,70633.7,
2024-10-31 04:00:00,BTC Perpetual/USDT,Every 8 Hours,0.0048%,72411.9,
2024-10-30 20:00:00,BTC Perpetual/USDT,Every 8 Hours,0.0176%,72345.6,
2024-10-30 12:00:00,BTC Perpetual/USDT,Every 8 Hours,0.0225%,72059.3,
2024-10-30 04:00:00,BTC Perpetual/USDT,Every 8 Hours,-0.0088%,72231.4,
2024-10-29 20:00:00,BTC Perpetual/USDT,Every 8 Hours,0.0124%,72735.5,
2024-10-29 12:00:00,BTC Perpetual/USDT,Every 8 Hours,0.0015%,72400.0,
2024-10-29 04:00:00,BTC Perpetual/USDT,Every 8 Hours,-0.0145%,71012.6,
2024-10-28 20:00:00,BTC Perpetual/USDT,Every 8 Hours,0.0014%,69961.4,
2024-10-28 12:00:00,BTC Perpetual/USDT,Every 8 Hours,-0.0016%,68489.5,
2024-10-28 04:00:00,BTC Perpetual/USDT,Every 8 Hours,-0.0034%,68421.5,
2024-10-27 20:00:00,BTC Perpetual/USDT,Every 8 Hours,0.0009%,68021.8,
2024-10-27 12:00:00,BTC Perpetual/USDT,Every 8 Hours,0.0034%,67787.7,
2024-10-27 04:00:00,BTC Perpetual/USDT,Every 8 Hours,0.0027%,67198.9,
2024-10-26 20:00:00,BTC Perpetual/USDT,Every 8 Hours,-0.0017%,67094.7,
2024-10-26 12:00:00,BTC Perpetual/USDT,Every 8 Hours,0.0070%,66881.8,
2024-10-26 04:00:00,BTC Perpetual/USDT,Every 8 Hours,-0.0007%,67008.4,
2024-10-25 20:00:00,BTC Perpetual/USDT,Every 8 Hours,0.0100%,66696.8,
2024-10-25 12:00:00,BTC Perpetual/USDT,Every 8 Hours,-0.0012%,67688.6,
2024-10-25 04:00:00,BTC Perpetual/USDT,Every 8 Hours,-0.0071%,67522.9,
2024-10-24 20:00:00,BTC Perpetual/USDT,Every 8 Hours,0.0112%,68200.0,
2024-10-24 12:00:00,BTC Perpetual/USDT,Every 8 Hours,0.0137%,67696.9,
2024-10-24 04:00:00,BTC Perpetual/USDT,Every 8 Hours,0.0133%,67122.6,
2024-10-23 20:00:00,BTC Perpetual/USDT,Every 8 Hours,0.0103%,66665.0,
2024-10-23 12:00:00,BTC Perpetual/USDT,Every 8 Hours,-0.0024%,66220.9,
2024-10-23 04:00:00,BTC Perpetual/USDT,Every 8 Hours,0.0029%,66852.5,
2024-10-22 20:00:00,BTC Perpetual/USDT,Every 8 Hours,0.0102%,67419.8,
2024-10-22 12:00:00,BTC Perpetual/USDT,Every 8 Hours,-0.0205%,67280.7,
2024-10-22 04:00:00,BTC Perpetual/USDT,Every 8 Hours,0.0234%,67394.7,
2024-10-21 20:00:00,BTC Perpetual/USDT,Every 8 Hours,0.0143%,67375.5,
2024-10-21 12:00:00,BTC Perpetual/USDT,Every 8 Hours,0.0188%,67327.8,
2024-10-21 04:00:00,BTC Perpetual/USDT,Every 8 Hours,0.0030%,68519.5,
2024-10-20 20:00:00,BTC Perpetual/USDT,Every 8 Hours,0.0075%,69034.5,
2024-10-20 12:00:00,BTC Perpetual/USDT,Every 8 Hours,0.0131%,68627.5,
2024-10-20 04:00:00,BTC Perpetual/USDT,Every 8 Hours,0.0068%,68370.1,
2024-10-19 20:00:00,BTC Perpetual/USDT,Every 8 Hours,0.0087%,68378.0,
2024-10-19 12:00:00,BTC Perpetual/USDT,Every 8 Hours,0.0068%,68224.6,
2024-10-19 04:00:00,BTC Perpetual/USDT,Every 8 Hours,-0.0126%,68345.9,
2024-10-18 20:00:00,BTC Perpetual/USDT,Every 8 Hours,0.0047%,68426.7,
2024-10-18 12:00:00,BTC Perpetual/USDT,Every 8 Hours,0.0076%,68724.5,
2024-10-18 04:00:00,BTC Perpetual/USDT,Every 8 Hours,-0.0019%,67971.5,
2024-10-17 20:00:00,BTC Perpetual/USDT,Every 8 Hours,-0.0003%,67424.5,
2024-10-17 12:00:00,BTC Perpetual/USDT,Every 8 Hours,-0.0095%,67579.5,
2024-10-17 04:00:00,BTC Perpetual/USDT,Every 8 Hours,-0.0062%,67301.4,
2024-10-16 20:00:00,BTC Perpetual/USDT,Every 8 Hours,-0.0052%,67618.2,
2024-10-16 12:00:00,BTC Perpetual/USDT,Every 8 Hours,-0.0053%,67748.9,
2024-10-16 04:00:00,BTC Perpetual/USDT,Every 8 Hours,-0.0116%,66973.5,
2024-10-15 20:00:00,BTC Perpetual/USDT,Every 8 Hours,0.0085%,67071.6,
2024-10-15 12:00:00,BTC Perpetual/USDT,Every 8 Hours,0.0028%,66024.0,
2024-10-15 04:00:00,BTC Perpetual/USDT,Every 8 Hours,-0.0074%,65659.5,
2024-10-14 20:00:00,BTC Perpetual/USDT,Every 8 Hours,-0.0120%,66087.0,
2024-10-14 12:00:00,BTC Perpetual/USDT,Every 8 Hours,0.0061%,65878.5,
2024-10-14 04:00:00,BTC Perpetual/USDT,Every 8 Hours,0.0082%,64624.9,
2024-10-13 20:00:00,BTC Perpetual/USDT,Every 8 Hours,0.0124%,62872.3,
2024-10-13 12:00:00,BTC Perpetual/USDT,Every 8 Hours,-0.0032%,62227.5,
2024-10-13 04:00:00,BTC Perpetual/USDT,Every 8 Hours,-0.0152%,62850.2,
2024-10-12 20:00:00,BTC Perpetual/USDT,Every 8 Hours,0.0094%,63204.1,
2024-10-12 12:00:00,BTC Perpetual/USDT,Every 8 Hours,-0.0054%,63162.5,
2024-10-12 04:00:00,BTC Perpetual/USDT,Every 8 Hours,-0.0033%,62764.4,
2024-10-11 20:00:00,BTC Perpetual/USDT,Every 8 Hours,0.0017%,62533.9,
2024-10-11 12:00:00,BTC Perpetual/USDT,Every 8 Hours,0.0103%,62261.4,
2024-10-11 04:00:00,BTC Perpetual/USDT,Every 8 Hours,0.0119%,60672.7,
2024-10-10 20:00:00,BTC Perpetual/USDT,Every 8 Hours,0.0027%,60319.5,
2024-10-10 12:00:00,BTC Perpetual/USDT,Every 8 Hours,0.0173%,60789.0,
2024-10-10 04:00:00,BTC Perpetual/USDT,Every 8 Hours,0.0096%,60894.0,
2024-10-09 20:00:00,BTC Perpetual/USDT,Every 8 Hours,0.0124%,60638.5,
2024-10-09 12:00:00,BTC Perpetual/USDT,Every 8 Hours,0.0103%,62310.2,
2024-10-09 04:00:00,BTC Perpetual/USDT,Every 8 Hours,0.0049%,62273.8,
2024-10-08 20:00:00,BTC Perpetual/USDT,Every 8 Hours,0.0066%,62163.4,
2024-10-08 12:00:00,BTC Perpetual/USDT,Every 8 Hours,-0.0022%,62283.0,
2024-10-08 04:00:00,BTC Perpetual/USDT,Every 8 Hours,0.0003%,62313.7,
2024-10-07 20:00:00,BTC Perpetual/USDT,Every 8 Hours,0.0050%,62223.2,
2024-10-07 12:00:00,BTC Perpetual/USDT,Every 8 Hours,-0.0033%,63653.9,
2024-10-07 04:00:00,BTC Perpetual/USDT,Every 8 Hours,-0.0144%,63536.4,
2024-10-06 20:00:00,BTC Perpetual/USDT,Every 8 Hours,0.0113%,62819.4,
2024-10-06 12:00:00,BTC Perpetual/USDT,Every 8 Hours,0.0098%,62713.7,
2024-10-06 04:00:00,BTC Perpetual/USDT,Every 8 Hours,-0.0074%,61948.0,
2024-10-05 20:00:00,BTC Perpetual/USDT,Every 8 Hours,0.0140%,62064.1,
2024-10-05 12:00:00,BTC Perpetual/USDT,Every 8 Hours,-0.0010%,62166.5,
2024-10-05 04:00:00,BTC Perpetual/USDT,Every 8 Hours,-0.0085%,62076.1,
2024-10-04 20:00:00,BTC Perpetual/USDT,Every 8 Hours,0.0118%,62086.5,
2024-10-04 12:00:00,BTC Perpetual/USDT,Every 8 Hours,0.0053%,61869.4,
2024-10-04 04:00:00,BTC Perpetual/USDT,Every 8 Hours,0.0053%,61434.0,
2024-10-03 20:00:00,BTC Perpetual/USDT,Every 8 Hours,0.0049%,60750.0,
2024-10-03 12:00:00,BTC Perpetual/USDT,Every 8 Hours,0.0117%,60639.3,
2024-10-03 04:00:00,BTC Perpetual/USDT,Every 8 Hours,0.0088%,60927.0,
2024-10-02 20:00:00,BTC Perpetual/USDT,Every 8 Hours,0.0046%,60651.4,
2024-10-02 12:00:00,BTC Perpetual/USDT,Every 8 Hours,0.0035%,61881.4,
2024-10-02 04:00:00,BTC Perpetual/USDT,Every 8 Hours,0.0122%,61725.1,
2024-10-01 20:00:00,BTC Perpetual/USDT,Every 8 Hours,0.0117%,60816.0,
2024-10-01 12:00:00,BTC Perpetual/USDT,Every 8 Hours,0.0094%,62638.6,
2024-10-01 04:00:00,BTC Perpetual/USDT,Every 8 Hours,0.0119%,64036.3,
2024-09-30 20:00:00,BTC Perpetual/USDT,Every 8 Hours,0.0169%,63330.0,
2024-09-30 12:00:00,BTC Perpetual/USDT,Every 8 Hours,0.0126%,63557.7,
2024-09-30 04:00:00,BTC Perpetual/USDT,Every 8 Hours,0.0001%,64563.9,
2024-09-29 20:00:00,BTC Perpetual/USDT,Every 8 Hours,0.0144%,65598.0,
2024-09-29 12:00:00,BTC Perpetual/USDT,Every 8 Hours,-0.0012%,65749.3,
2024-09-29 04:00:00,BTC Perpetual/USDT,Every 8 Hours,0.0068%,65472.6,
2024-09-28 20:00:00,BTC Perpetual/USDT,Every 8 Hours,0.0028%,65841.0,
2024-09-28 12:00:00,BTC Perpetual/USDT,Every 8 Hours,0.0035%,65619.3,
2024-09-28 04:00:00,BTC Perpetual/USDT,Every 8 Hours,-0.0014%,65820.1,
2024-09-27 20:00:00,BTC Perpetual/USDT,Every 8 Hours,-0.0074%,65770.8,
2024-09-27 12:00:00,BTC Perpetual/USDT,Every 8 Hours,0.0045%,66004.7,
2024-09-27 04:00:00,BTC Perpetual/USDT,Every 8 Hours,-0.0276%,65469.0,
2024-09-26 20:00:00,BTC Perpetual/USDT,Every 8 Hours,-0.0054%,65165.5,
2024-09-26 12:00:00,BTC Perpetual/USDT,Every 8 Hours,-0.0007%,65227.6,
2024-09-26 04:00:00,BTC Perpetual/USDT,Every 8 Hours,0.0132%,63850.9,
2024-09-25 20:00:00,BTC Perpetual/USDT,Every 8 Hours,-0.0061%,63154.4,
2024-09-25 12:00:00,BTC Perpetual/USDT,Every 8 Hours,-0.0171%,63498.0,
2024-09-25 04:00:00,BTC Perpetual/USDT,Every 8 Hours,-0.0013%,63841.2,
2024-09-24 20:00:00,BTC Perpetual/USDT,Every 8 Hours,-0.0132%,64269.7,
2024-09-24 12:00:00,BTC Perpetual/USDT,Every 8 Hours,-0.0008%,63152.8,
2024-09-24 04:00:00,BTC Perpetual/USDT,Every 8 Hours,-0.0036%,63559.0,
2024-09-23 20:00:00,BTC Perpetual/USDT,Every 8 Hours,-0.0060%,63331.4,
2024-09-23 12:00:00,BTC Perpetual/USDT,Every 8 Hours,-0.0124%,63609.6,
2024-09-23 04:00:00,BTC Perpetual/USDT,Every 8 Hours,0.0040%,63549.9,
2024-09-22 20:00:00,BTC Perpetual/USDT,Every 8 Hours,-0.0007%,63575.9,
2024-09-22 12:00:00,BTC Perpetual/USDT,Every 8 Hours,-0.0057%,62652.7,
2024-09-22 04:00:00,BTC Perpetual/USDT,Every 8 Hours,-0.0053%,62939.9,
2024-09-21 20:00:00,BTC Perpetual/USDT,Every 8 Hours,0.0001%,63343.5,
2024-09-21 12:00:00,BTC Perpetual/USDT,Every 8 Hours,-0.0142%,63171.5,
2024-09-21 04:00:00,BTC Perpetual/USDT,Every 8 Hours,0.0105%,63088.4,
2024-09-20 20:00:00,BTC Perpetual/USDT,Every 8 Hours,-0.0048%,63205.5,
2024-09-20 12:00:00,BTC Perpetual/USDT,Every 8 Hours,0.0077%,63148.5,
2024-09-20 04:00:00,BTC Perpetual/USDT,Every 8 Hours,0%,63526.5,
2024-09-19 20:00:00,BTC Perpetual/USDT,Every 8 Hours,-0.0109%,62950.4,
2024-09-19 12:00:00,BTC Perpetual/USDT,Every 8 Hours,-0.0087%,63159.2,
2024-09-19 04:00:00,BTC Perpetual/USDT,Every 8 Hours,0.0130%,62086.9,
2024-09-18 20:00:00,BTC Perpetual/USDT,Every 8 Hours,0.0031%,61753.5,
2024-09-18 12:00:00,BTC Perpetual/USDT,Every 8 Hours,0.0076%,59431.6,
2024-09-18 04:00:00,BTC Perpetual/USDT,Every 8 Hours,-0.0106%,60434.4,
2024-09-17 20:00:00,BTC Perpetual/USDT,Every 8 Hours,0.0022%,60307.7,
2024-09-17 12:00:00,BTC Perpetual/USDT,Every 8 Hours,0.0047%,61127.9,
2024-09-17 04:00:00,BTC Perpetual/USDT,Every 8 Hours,0.0126%,58697.8,
2024-09-16 20:00:00,BTC Perpetual/USDT,Every 8 Hours,0.0037%,58215.0,
2024-09-16 12:00:00,BTC Perpetual/USDT,Every 8 Hours,0.0090%,57882.0,
2024-09-16 04:00:00,BTC Perpetual/USDT,Every 8 Hours,0.0143%,58908.1,
2024-09-15 20:00:00,BTC Perpetual/USDT,Every 8 Hours,-0.0084%,59132.0,
2024-09-15 12:00:00,BTC Perpetual/USDT,Every 8 Hours,-0.0010%,60333.0,
2024-09-15 04:00:00,BTC Perpetual/USDT,Every 8 Hours,-0.0020%,60190.4,
2024-09-14 20:00:00,BTC Perpetual/USDT,Every 8 Hours,0%,59988.0,
2024-09-14 12:00:00,BTC Perpetual/USDT,Every 8 Hours,-0.0141%,59875.5,
2024-09-14 04:00:00,BTC Perpetual/USDT,Every 8 Hours,-0.0313%,60146.4,
2024-09-13 20:00:00,BTC Perpetual/USDT,Every 8 Hours,0.0077%,60493.9,
2024-09-13 12:00:00,BTC Perpetual/USDT,Every 8 Hours,-0.0151%,59666.6,
2024-09-13 04:00:00,BTC Perpetual/USDT,Every 8 Hours,0.0021%,58109.3,
2024-09-12 20:00:00,BTC Perpetual/USDT,Every 8 Hours,0.0003%,58127.9,
2024-09-12 12:00:00,BTC Perpetual/USDT,Every 8 Hours,0.0017%,57511.5,
2024-09-12 04:00:00,BTC Perpetual/USDT,Every 8 Hours,-0.0069%,58139.9,
2024-09-11 20:00:00,BTC Perpetual/USDT,Every 8 Hours,0.0155%,57335.9,
2024-09-11 12:00:00,BTC Perpetual/USDT,Every 8 Hours,-0.0056%,56707.5,
2024-09-11 04:00:00,BTC Perpetual/USDT,Every 8 Hours,-0.0014%,56710.6,
2024-09-10 20:00:00,BTC Perpetual/USDT,Every 8 Hours,0.0106%,57632.5,
2024-09-10 12:00:00,BTC Perpetual/USDT,Every 8 Hours,-0.0044%,56597.6,
2024-09-10 04:00:00,BTC Perpetual/USDT,Every 8 Hours,-0.0097%,57214.4,
2024-09-09 20:00:00,BTC Perpetual/USDT,Every 8 Hours,-0.0159%,57042.0,
2024-09-09 12:00:00,BTC Perpetual/USDT,Every 8 Hours,-0.0016%,55378.5,
2024-09-09 04:00:00,BTC Perpetual/USDT,Every 8 Hours,-0.0004%,54976.5,
2024-09-08 20:00:00,BTC Perpetual/USDT,Every 8 Hours,-0.0028%,54873.1,
2024-09-08 12:00:00,BTC Perpetual/USDT,Every 8 Hours,0%,53685.0,
2024-09-08 04:00:00,BTC Perpetual/USDT,Every 8 Hours,-0.0020%,54438.0,
2024-09-07 20:00:00,BTC Perpetual/USDT,Every 8 Hours,0.0036%,54156.0,
2024-09-07 12:00:00,BTC Perpetual/USDT,Every 8 Hours,-0.0051%,54783.0,
2024-09-07 04:00:00,BTC Perpetual/USDT,Every 8 Hours,0.0123%,54290.9,
2024-09-06 20:00:00,BTC Perpetual/USDT,Every 8 Hours,-0.0026%,53960.3,
2024-09-06 12:00:00,BTC Perpetual/USDT,Every 8 Hours,0.0050%,54054.1,
2024-09-06 04:00:00,BTC Perpetual/USDT,Every 8 Hours,0.0007%,55792.9,
2024-09-05 20:00:00,BTC Perpetual/USDT,Every 8 Hours,0.0170%,56179.5,
2024-09-05 12:00:00,BTC Perpetual/USDT,Every 8 Hours,-0.0049%,55978.6,
2024-09-05 04:00:00,BTC Perpetual/USDT,Every 8 Hours,-0.0138%,57159.0,
2024-09-04 20:00:00,BTC Perpetual/USDT,Every 8 Hours,0.0105%,57974.6,
2024-09-04 12:00:00,BTC Perpetual/USDT,Every 8 Hours,-0.0125%,58131.1,
2024-09-04 04:00:00,BTC Perpetual/USDT,Every 8 Hours,0.0097%,56746.4,
2024-09-03 20:00:00,BTC Perpetual/USDT,Every 8 Hours,0.0036%,57486.0,
2024-09-03 12:00:00,BTC Perpetual/USDT,Every 8 Hours,0.0053%,57730.5,
2024-09-03 04:00:00,BTC Perpetual/USDT,Every 8 Hours,-0.0059%,59104.0,
2024-09-02 20:00:00,BTC Perpetual/USDT,Every 8 Hours,0.0049%,59134.6,
2024-09-02 12:00:00,BTC Perpetual/USDT,Every 8 Hours,-0.0015%,58537.2,
2024-09-02 04:00:00,BTC Perpetual/USDT,Every 8 Hours,-0.0010%,57551.2,
2024-09-01 20:00:00,BTC Perpetual/USDT,Every 8 Hours,0.0055%,57305.7,
2024-09-01 12:00:00,BTC Perpetual/USDT,Every 8 Hours,0.0077%,58213.0,
2024-09-01 04:00:00,BTC Perpetual/USDT,Every 8 Hours,0.0051%,58474.5,
2024-08-31 20:00:00,BTC Perpetual/USDT,Every 8 Hours,0.0046%,58972.6,
2024-08-31 12:00:00,BTC Perpetual/USDT,Every 8 Hours,0.0034%,59011.5,
2024-08-31 04:00:00,BTC Perpetual/USDT,Every 8 Hours,-0.0008%,59092.9,
2024-08-30 20:00:00,BTC Perpetual/USDT,Every 8 Hours,0.0174%,59115.0,
2024-08-30 12:00:00,BTC Perpetual/USDT,Every 8 Hours,0.0014%,58092.0,
2024-08-30 04:00:00,BTC Perpetual/USDT,Every 8 Hours,-0.0003%,59273.8,
2024-08-29 20:00:00,BTC Perpetual/USDT,Every 8 Hours,0.0102%,59352.0,
2024-08-29 12:00:00,BTC Perpetual/USDT,Every 8 Hours,-0.0014%,60770.5,
2024-08-29 04:00:00,BTC Perpetual/USDT,Every 8 Hours,0.0096%,59583.3,
2024-08-28 20:00:00,BTC Perpetual/USDT,Every 8 Hours,0.0107%,59030.3,
2024-08-28 12:00:00,BTC Perpetual/USDT,Every 8 Hours,0.0062%,58990.4,
2024-08-28 04:00:00,BTC Perpetual/USDT,Every 8 Hours,0.0091%,58597.9,
2024-08-27 20:00:00,BTC Perpetual/USDT,Every 8 Hours,0.0111%,59413.9,
2024-08-27 12:00:00,BTC Perpetual/USDT,Every 8 Hours,0.0074%,61711.8,
2024-08-27 04:00:00,BTC Perpetual/USDT,Every 8 Hours,0.0005%,62903.4,
2024-08-26 20:00:00,BTC Perpetual/USDT,Every 8 Hours,0.0032%,62830.1,
2024-08-26 12:00:00,BTC Perpetual/USDT,Every 8 Hours,0%,63534.4,
2024-08-26 04:00:00,BTC Perpetual/USDT,Every 8 Hours,-0.0035%,63627.8,
2024-08-25 20:00:00,BTC Perpetual/USDT,Every 8 Hours,0.0045%,64220.6,
2024-08-25 12:00:00,BTC Perpetual/USDT,Every 8 Hours,0.0018%,64132.1,
2024-08-25 04:00:00,BTC Perpetual/USDT,Every 8 Hours,-0.0044%,63864.2,
2024-08-24 20:00:00,BTC Perpetual/USDT,Every 8 Hours,0.0168%,64151.3,
2024-08-24 12:00:00,BTC Perpetual/USDT,Every 8 Hours,-0.0163%,63976.3,
2024-08-24 04:00:00,BTC Perpetual/USDT,Every 8 Hours,-0.0026%,64313.3,
2024-08-23 20:00:00,BTC Perpetual/USDT,Every 8 Hours,-0.0081%,64040.9,
2024-08-23 12:00:00,BTC Perpetual/USDT,Every 8 Hours,0.0172%,61534.0,
2024-08-23 04:00:00,BTC Perpetual/USDT,Every 8 Hours,-0.0079%,61069.5,
2024-08-22 20:00:00,BTC Perpetual/USDT,Every 8 Hours,0.0033%,60381.1,
2024-08-22 12:00:00,BTC Perpetual/USDT,Every 8 Hours,-0.0106%,60406.2,
2024-08-22 04:00:00,BTC Perpetual/USDT,Every 8 Hours,0.0006%,60986.7,
2024-08-21 20:00:00,BTC Perpetual/USDT,Every 8 Hours,0.0075%,61148.0,
2024-08-21 12:00:00,BTC Perpetual/USDT,Every 8 Hours,-0.0107%,59515.8,
2024-08-21 04:00:00,BTC Perpetual/USDT,Every 8 Hours,-0.0009%,59705.9,
2024-08-20 20:00:00,BTC Perpetual/USDT,Every 8 Hours,-0.0014%,59012.1,
2024-08-20 12:00:00,BTC Perpetual/USDT,Every 8 Hours,-0.0066%,58823.0,
2024-08-20 04:00:00,BTC Perpetual/USDT,Every 8 Hours,0.0010%,60924.0,
2024-08-19 20:00:00,BTC Perpetual/USDT,Every 8 Hours,-0.0035%,59432.3,
2024-08-19 12:00:00,BTC Perpetual/USDT,Every 8 Hours,-0.0047%,58540.0,
2024-08-19 04:00:00,BTC Perpetual/USDT,Every 8 Hours,-0.0072%,58512.1,
2024-08-18 20:00:00,BTC Perpetual/USDT,Every 8 Hours,-0.0088%,58428.1,
2024-08-18 12:00:00,BTC Perpetual/USDT,Every 8 Hours,-0.0009%,59858.7,
2024-08-18 04:00:00,BTC Perpetual/USDT,Every 8 Hours,-0.0062%,59575.3,
2024-08-17 20:00:00,BTC Perpetual/USDT,Every 8 Hours,0.0047%,59495.9,
2024-08-17 12:00:00,BTC Perpetual/USDT,Every 8 Hours,-0.0044%,59386.5,
2024-08-17 04:00:00,BTC Perpetual/USDT,Every 8 Hours,-0.0048%,59251.9,
2024-08-16 20:00:00,BTC Perpetual/USDT,Every 8 Hours,-0.0108%,58874.9,
2024-08-16 12:00:00,BTC Perpetual/USDT,Every 8 Hours,0.0076%,58072.8,
2024-08-16 04:00:00,BTC Perpetual/USDT,Every 8 Hours,-0.0085%,58450.8,
2024-08-15 20:00:00,BTC Perpetual/USDT,Every 8 Hours,0.0098%,57540.1,
2024-08-15 12:00:00,BTC Perpetual/USDT,Every 8 Hours,0.0052%,59677.8,
2024-08-15 04:00:00,BTC Perpetual/USDT,Every 8 Hours,0.0030%,58063.2,
2024-08-14 20:00:00,BTC Perpetual/USDT,Every 8 Hours,0.0042%,58679.0,
2024-08-14 12:00:00,BTC Perpetual/USDT,Every 8 Hours,-0.0038%,59428.0,
2024-08-14 04:00:00,BTC Perpetual/USDT,Every 8 Hours,-0.0073%,60909.8,
2024-08-13 20:00:00,BTC Perpetual/USDT,Every 8 Hours,0.0022%,60586.7,
2024-08-13 12:00:00,BTC Perpetual/USDT,Every 8 Hours,0.0121%,59467.5,
2024-08-13 04:00:00,BTC Perpetual/USDT,Every 8 Hours,-0.0135%,59234.8,
2024-08-12 20:00:00,BTC Perpetual/USDT,Every 8 Hours,0.0035%,59347.4,
2024-08-12 12:00:00,BTC Perpetual/USDT,Every 8 Hours,0.0001%,60199.1,
2024-08-12 04:00:00,BTC Perpetual/USDT,Every 8 Hours,0.0124%,58676.0,
2024-08-11 20:00:00,BTC Perpetual/USDT,Every 8 Hours,0.0055%,58710.9,
2024-08-11 12:00:00,BTC Perpetual/USDT,Every 8 Hours,0.0011%,60128.6,
2024-08-11 04:00:00,BTC Perpetual/USDT,Every 8 Hours,0.0005%,61256.2,
2024-08-10 20:00:00,BTC Perpetual/USDT,Every 8 Hours,0.0080%,60922.9,
2024-08-10 12:00:00,BTC Perpetual/USDT,Every 8 Hours,0.0052%,60515.8,
2024-08-10 04:00:00,BTC Perpetual/USDT,Every 8 Hours,0.0092%,60845.6,
2024-08-09 20:00:00,BTC Perpetual/USDT,Every 8 Hours,0.0029%,60831.4,
2024-08-09 12:00:00,BTC Perpetual/USDT,Every 8 Hours,0.0065%,59808.9,
2024-08-09 04:00:00,BTC Perpetual/USDT,Every 8 Hours,-0.0042%,60861.4,
2024-08-08 20:00:00,BTC Perpetual/USDT,Every 8 Hours,0.0012%,61691.7,
2024-08-08 12:00:00,BTC Perpetual/USDT,Every 8 Hours,-0.0063%,59417.5,
2024-08-08 04:00:00,BTC Perpetual/USDT,Every 8 Hours,0.0004%,57177.4,
2024-08-07 20:00:00,BTC Perpetual/USDT,Every 8 Hours,-0.0049%,55127.6,
2024-08-07 12:00:00,BTC Perpetual/USDT,Every 8 Hours,-0.0107%,56093.8,
2024-08-07 04:00:00,BTC Perpetual/USDT,Every 8 Hours,-0.0037%,56919.7,
2024-08-06 20:00:00,BTC Perpetual/USDT,Every 8 Hours,-0.0042%,56039.6,
2024-08-06 12:00:00,BTC Perpetual/USDT,Every 8 Hours,-0.0033%,56403.5,
2024-08-06 04:00:00,BTC Perpetual/USDT,Every 8 Hours,-0.0207%,56014.2,
2024-08-05 20:00:00,BTC Perpetual/USDT,Every 8 Hours,0.0068%,54009.6,
2024-08-05 12:00:00,BTC Perpetual/USDT,Every 8 Hours,-0.0154%,54314.2,
2024-08-05 04:00:00,BTC Perpetual/USDT,Every 8 Hours,0.0040%,52671.8,
2024-08-04 20:00:00,BTC Perpetual/USDT,Every 8 Hours,0.0009%,58157.9,
2024-08-04 12:00:00,BTC Perpetual/USDT,Every 8 Hours,0.0031%,59080.8,
2024-08-04 04:00:00,BTC Perpetual/USDT,Every 8 Hours,0.0031%,60364.4,
2024-08-03 20:00:00,BTC Perpetual/USDT,Every 8 Hours,-0.0006%,60716.3,
2024-08-03 12:00:00,BTC Perpetual/USDT,Every 8 Hours,0.0092%,60888.5,
2024-08-03 04:00:00,BTC Perpetual/USDT,Every 8 Hours,-0.0050%,61660.6,
2024-08-02 20:00:00,BTC Perpetual/USDT,Every 8 Hours,0.0175%,61493.8,
2024-08-02 12:00:00,BTC Perpetual/USDT,Every 8 Hours,-0.0045%,63409.7,
2024-08-02 04:00:00,BTC Perpetual/USDT,Every 8 Hours,0.0189%,64168.7,
2024-08-01 20:00:00,BTC Perpetual/USDT,Every 8 Hours,0.0083%,65350.3,
2024-08-01 12:00:00,BTC Perpetual/USDT,Every 8 Hours,0.0130%,62906.4,
2024-08-01 04:00:00,BTC Perpetual/USDT,Every 8 Hours,0.0088%,64326.6,
2024-07-31 20:00:00,BTC Perpetual/USDT,Every 8 Hours,0.0155%,64633.5,
2024-07-31 12:00:00,BTC Perpetual/USDT,Every 8 Hours,0.0128%,66381.8,
2024-07-31 04:00:00,BTC Perpetual/USDT,Every 8 Hours,0.0115%,66220.4,
2024-07-30 20:00:00,BTC Perpetual/USDT,Every 8 Hours,0.0262%,66189.8,
2024-07-30 12:00:00,BTC Perpetual/USDT,Every 8 Hours,-0.0028%,66223.9,
2024-07-30 04:00:00,BTC Perpetual/USDT,Every 8 Hours,0.0264%,66956.6,
2024-07-29 20:00:00,BTC Perpetual/USDT,Every 8 Hours,-0.0015%,66782.6,
2024-07-29 12:00:00,BTC Perpetual/USDT,Every 8 Hours,0.0069%,68106.5,
2024-07-29 04:00:00,BTC Perpetual/USDT,Every 8 Hours,0.0020%,69525.6,
2024-07-28 20:00:00,BTC Perpetual/USDT,Every 8 Hours,-0.0001%,68246.9,
2024-07-28 12:00:00,BTC Perpetual/USDT,Every 8 Hours,-0.0029%,67652.4,
2024-07-28 04:00:00,BTC Perpetual/USDT,Every 8 Hours,-0.0034%,67545.7,
2024-07-27 20:00:00,BTC Perpetual/USDT,Every 8 Hours,0.0133%,67915.7,
2024-07-27 12:00:00,BTC Perpetual/USDT,Every 8 Hours,-0.0001%,68854.8,
2024-07-27 04:00:00,BTC Perpetual/USDT,Every 8 Hours,-0.0111%,68055.1,
2024-07-26 20:00:00,BTC Perpetual/USDT,Every 8 Hours,0.0004%,67912.3,
2024-07-26 12:00:00,BTC Perpetual/USDT,Every 8 Hours,-0.0066%,67557.1,
2024-07-26 04:00:00,BTC Perpetual/USDT,Every 8 Hours,-0.0022%,66899.7,
2024-07-25 20:00:00,BTC Perpetual/USDT,Every 8 Hours,0.0008%,65796.0,
2024-07-25 12:00:00,BTC Perpetual/USDT,Every 8 Hours,0.0085%,64783.7,
2024-07-25 04:00:00,BTC Perpetual/USDT,Every 8 Hours,0.0057%,64116.3,
2024-07-24 20:00:00,BTC Perpetual/USDT,Every 8 Hours,0.0035%,65386.1,
2024-07-24 12:00:00,BTC Perpetual/USDT,Every 8 Hours,0.0057%,66181.2,
2024-07-24 04:00:00,BTC Perpetual/USDT,Every 8 Hours,0.0043%,66069.9,
2024-07-23 20:00:00,BTC Perpetual/USDT,Every 8 Hours,0.0090%,65935.8,
2024-07-23 12:00:00,BTC Perpetual/USDT,Every 8 Hours,0.0030%,66600.8,
2024-07-23 04:00:00,BTC Perpetual/USDT,Every 8 Hours,-0.0017%,66586.2,
2024-07-22 20:00:00,BTC Perpetual/USDT,Every 8 Hours,0.0098%,67536.9,
2024-07-22 12:00:00,BTC Perpetual/USDT,Every 8 Hours,0.0087%,67063.3,
2024-07-22 04:00:00,BTC Perpetual/USDT,Every 8 Hours,0.0061%,67233.6,
2024-07-21 20:00:00,BTC Perpetual/USDT,Every 8 Hours,0.0015%,68171.0,
2024-07-21 12:00:00,BTC Perpetual/USDT,Every 8 Hours,-0.0113%,67165.7,
2024-07-21 04:00:00,BTC Perpetual/USDT,Every 8 Hours,0.0021%,66704.7,
2024-07-20 20:00:00,BTC Perpetual/USDT,Every 8 Hours,0.0076%,67122.4,
2024-07-20 12:00:00,BTC Perpetual/USDT,Every 8 Hours,-0.0050%,66835.2,
2024-07-20 04:00:00,BTC Perpetual/USDT,Every 8 Hours,0.0019%,66557.2,
2024-07-19 20:00:00,BTC Perpetual/USDT,Every 8 Hours,0.0048%,66653.4,
2024-07-19 12:00:00,BTC Perpetual/USDT,Every 8 Hours,0.0018%,65835.1,
2024-07-19 04:00:00,BTC Perpetual/USDT,Every 8 Hours,0.0139%,63695.7,
2024-07-18 20:00:00,BTC Perpetual/USDT,Every 8 Hours,-0.0069%,63988.1,
2024-07-18 12:00:00,BTC Perpetual/USDT,Every 8 Hours,-0.0068%,63546.1,
2024-07-18 04:00:00,BTC Perpetual/USDT,Every 8 Hours,0.0046%,64672.8,
2024-07-17 20:00:00,BTC Perpetual/USDT,Every 8 Hours,0.0043%,64082.9,
2024-07-17 12:00:00,BTC Perpetual/USDT,Every 8 Hours,-0.0016%,64729.7,
2024-07-17 04:00:00,BTC Perpetual/USDT,Every 8 Hours,0.0050%,65252.0,
2024-07-16 20:00:00,BTC Perpetual/USDT,Every 8 Hours,0.0053%,65048.6,
2024-07-16 12:00:00,BTC Perpetual/USDT,Every 8 Hours,0.0052%,64853.2,
2024-07-16 04:00:00,BTC Perpetual/USDT,Every 8 Hours,-0.0115%,62913.4,
2024-07-15 20:00:00,BTC Perpetual/USDT,Every 8 Hours,-0.0079%,64718.6,
2024-07-15 12:00:00,BTC Perpetual/USDT,Every 8 Hours,0.0014%,63022.1,
2024-07-15 04:00:00,BTC Perpetual/USDT,Every 8 Hours,-0.0053%,62845.0,
2024-07-14 20:00:00,BTC Perpetual/USDT,Every 8 Hours,-0.0079%,60789.2,
2024-07-14 12:00:00,BTC Perpetual/USDT,Every 8 Hours,-0.0012%,60087.6,
2024-07-14 04:00:00,BTC Perpetual/USDT,Every 8 Hours,-0.0043%,60052.1,
2024-07-13 20:00:00,BTC Perpetual/USDT,Every 8 Hours,-0.0057%,59206.2,
2024-07-13 12:00:00,BTC Perpetual/USDT,Every 8 Hours,0.0113%,58839.2,
2024-07-13 04:00:00,BTC Perpetual/USDT,Every 8 Hours,-0.0097%,58168.7,
2024-07-12 20:00:00,BTC Perpetual/USDT,Every 8 Hours,0.0062%,57889.5,
2024-07-12 12:00:00,BTC Perpetual/USDT,Every 8 Hours,0.0008%,58213.9,
2024-07-12 04:00:00,BTC Perpetual/USDT,Every 8 Hours,-0.0010%,57103.0,
2024-07-11 20:00:00,BTC Perpetual/USDT,Every 8 Hours,-0.0010%,57331.2,
2024-07-11 12:00:00,BTC Perpetual/USDT,Every 8 Hours,-0.0016%,57406.2,
2024-07-11 04:00:00,BTC Perpetual/USDT,Every 8 Hours,0.0094%,58191.6,
2024-07-10 20:00:00,BTC Perpetual/USDT,Every 8 Hours,-0.0078%,57723.0,
2024-07-10 12:00:00,BTC Perpetual/USDT,Every 8 Hours,-0.0111%,57703.4,
2024-07-10 04:00:00,BTC Perpetual/USDT,Every 8 Hours,-0.0085%,58974.6,
2024-07-09 20:00:00,BTC Perpetual/USDT,Every 8 Hours,-0.0028%,58036.0,
2024-07-09 12:00:00,BTC Perpetual/USDT,Every 8 Hours,0.0073%,57472.9,
2024-07-09 04:00:00,BTC Perpetual/USDT,Every 8 Hours,0.0015%,57119.9,
2024-07-08 20:00:00,BTC Perpetual/USDT,Every 8 Hours,0.0002%,56710.6,
2024-07-08 12:00:00,BTC Perpetual/USDT,Every 8 Hours,0.0095%,55768.6,
2024-07-08 04:00:00,BTC Perpetual/USDT,Every 8 Hours,-0.0024%,55843.9,
2024-07-07 20:00:00,BTC Perpetual/USDT,Every 8 Hours,0.0172%,55853.2,
2024-07-07 12:00:00,BTC Perpetual/USDT,Every 8 Hours,-0.0132%,56830.8,
2024-07-07 04:00:00,BTC Perpetual/USDT,Every 8 Hours,-0.0108%,57373.4,
2024-07-06 20:00:00,BTC Perpetual/USDT,Every 8 Hours,0.0021%,58237.3,
2024-07-06 12:00:00,BTC Perpetual/USDT,Every 8 Hours,0.0034%,57324.5,
2024-07-06 04:00:00,BTC Perpetual/USDT,Every 8 Hours,0.0007%,56602.2,
2024-07-05 20:00:00,BTC Perpetual/USDT,Every 8 Hours,-0.0030%,56629.6,
2024-07-05 12:00:00,BTC Perpetual/USDT,Every 8 Hours,0.0089%,56668.9,
2024-07-05 04:00:00,BTC Perpetual/USDT,Every 8 Hours,0.0140%,54410.8,
2024-07-04 20:00:00,BTC Perpetual/USDT,Every 8 Hours,0.0066%,57055.6,
2024-07-04 12:00:00,BTC Perpetual/USDT,Every 8 Hours,0.0054%,58143.1,
2024-07-04 04:00:00,BTC Perpetual/USDT,Every 8 Hours,0.0067%,58225.4,
2024-07-03 20:00:00,BTC Perpetual/USDT,Every 8 Hours,0.0148%,60213.3,
2024-07-03 12:00:00,BTC Perpetual/USDT,Every 8 Hours,0.0094%,60183.5,
2024-07-03 04:00:00,BTC Perpetual/USDT,Every 8 Hours,0.0167%,60875.1,
2024-07-02 20:00:00,BTC Perpetual/USDT,Every 8 Hours,0.0140%,62136.8,
2024-07-02 12:00:00,BTC Perpetual/USDT,Every 8 Hours,0.0001%,61954.5,
2024-07-02 04:00:00,BTC Perpetual/USDT,Every 8 Hours,0.0022%,62628.0,
2024-07-01 20:00:00,BTC Perpetual/USDT,Every 8 Hours,-0.0012%,62899.8,
2024-07-01 12:00:00,BTC Perpetual/USDT,Every 8 Hours,-0.0019%,63126.9,
2024-07-01 04:00:00,BTC Perpetual/USDT,Every 8 Hours,-0.0015%,63281.0,
2024-06-30 20:00:00,BTC Perpetual/USDT,Every 8 Hours,0.0030%,62769.4,
2024-06-30 12:00:00,BTC Perpetual/USDT,Every 8 Hours,0.0035%,61717.4,
2024-06-30 04:00:00,BTC Perpetual/USDT,Every 8 Hours,0%,61534.5,
2024-06-29 20:00:00,BTC Perpetual/USDT,Every 8 Hours,0.0028%,60984.1,
2024-06-29 12:00:00,BTC Perpetual/USDT,Every 8 Hours,0.0113%,61106.3,
2024-06-29 04:00:00,BTC Perpetual/USDT,Every 8 Hours,0.0178%,61046.2,
2024-06-28 20:00:00,BTC Perpetual/USDT,Every 8 Hours,-0.0022%,60439.2,
2024-06-28 12:00:00,BTC Perpetual/USDT,Every 8 Hours,0.0091%,61058.7,
2024-06-28 04:00:00,BTC Perpetual/USDT,Every 8 Hours,0.0003%,61355.0,
2024-06-27 20:00:00,BTC Perpetual/USDT,Every 8 Hours,0.0064%,61702.0,
2024-06-27 12:00:00,BTC Perpetual/USDT,Every 8 Hours,0.0126%,61570.2,
2024-06-27 04:00:00,BTC Perpetual/USDT,Every 8 Hours,0.0029%,60796.7,
2024-06-26 20:00:00,BTC Perpetual/USDT,Every 8 Hours,0.0036%,60856.8,
2024-06-26 12:00:00,BTC Perpetual/USDT,Every 8 Hours,-0.0006%,61463.1,
2024-06-26 04:00:00,BTC Perpetual/USDT,Every 8 Hours,-0.0017%,61726.8,
2024-06-25 20:00:00,BTC Perpetual/USDT,Every 8 Hours,-0.0007%,61803.2,
2024-06-25 12:00:00,BTC Perpetual/USDT,Every 8 Hours,-0.0082%,61810.3,
2024-06-25 04:00:00,BTC Perpetual/USDT,Every 8 Hours,0.0105%,60677.5,
2024-06-24 20:00:00,BTC Perpetual/USDT,Every 8 Hours,0.0041%,60292.5,
2024-06-24 12:00:00,BTC Perpetual/USDT,Every 8 Hours,0.0122%,60845.9,
2024-06-24 04:00:00,BTC Perpetual/USDT,Every 8 Hours,0.0116%,62448.8,
2024-06-23 20:00:00,BTC Perpetual/USDT,Every 8 Hours,0.0088%,63208.0,
2024-06-23 12:00:00,BTC Perpetual/USDT,Every 8 Hours,0.0079%,64101.0,
2024-06-23 04:00:00,BTC Perpetual/USDT,Every 8 Hours,0.0151%,64414.7,
2024-06-22 20:00:00,BTC Perpetual/USDT,Every 8 Hours,0.0018%,64265.7,
2024-06-22 12:00:00,BTC Perpetual/USDT,Every 8 Hours,0.0080%,64304.4,
2024-06-22 04:00:00,BTC Perpetual/USDT,Every 8 Hours,0.0048%,64503.6,
2024-06-21 20:00:00,BTC Perpetual/USDT,Every 8 Hours,0.0196%,64150.9,
2024-06-21 12:00:00,BTC Perpetual/USDT,Every 8 Hours,0.0085%,63730.3,
2024-06-21 04:00:00,BTC Perpetual/USDT,Every 8 Hours,0.0312%,64212.2,
2024-06-20 20:00:00,BTC Perpetual/USDT,Every 8 Hours,-0.0040%,64878.8,
2024-06-20 12:00:00,BTC Perpetual/USDT,Every 8 Hours,0.0176%,64829.5,
2024-06-20 04:00:00,BTC Perpetual/USDT,Every 8 Hours,0.0128%,65855.8,
2024-06-19 20:00:00,BTC Perpetual/USDT,Every 8 Hours,0.0070%,64970.3,
2024-06-19 12:00:00,BTC Perpetual/USDT,Every 8 Hours,0.0033%,64924.3,
2024-06-19 04:00:00,BTC Perpetual/USDT,Every 8 Hours,0.0165%,65324.7,
2024-06-18 20:00:00,BTC Perpetual/USDT,Every 8 Hours,0.0132%,65179.1,
2024-06-18 12:00:00,BTC Perpetual/USDT,Every 8 Hours,0.0010%,64695.8,
2024-06-18 04:00:00,BTC Perpetual/USDT,Every 8 Hours,0.0050%,65675.7,
2024-06-17 20:00:00,BTC Perpetual/USDT,Every 8 Hours,0.0089%,66494.5,
2024-06-17 12:00:00,BTC Perpetual/USDT,Every 8 Hours,0.0155%,65361.3,
2024-06-17 04:00:00,BTC Perpetual/USDT,Every 8 Hours,0.0129%,66183.2,
2024-06-16 20:00:00,BTC Perpetual/USDT,Every 8 Hours,0.0113%,66679.0,
2024-06-16 12:00:00,BTC Perpetual/USDT,Every 8 Hours,0.0115%,66704.3,
2024-06-16 04:00:00,BTC Perpetual/USDT,Every 8 Hours,0.0153%,66259.8,
2024-06-15 20:00:00,BTC Perpetual/USDT,Every 8 Hours,0.0083%,66226.7,
2024-06-15 12:00:00,BTC Perpetual/USDT,Every 8 Hours,0.0132%,66317.2,
2024-06-15 04:00:00,BTC Perpetual/USDT,Every 8 Hours,0.0093%,66075.4,
2024-06-14 20:00:00,BTC Perpetual/USDT,Every 8 Hours,0.0200%,66042.5,
2024-06-14 12:00:00,BTC Perpetual/USDT,Every 8 Hours,0.0108%,66384.1,
2024-06-14 04:00:00,BTC Perpetual/USDT,Every 8 Hours,0.0202%,66908.0,
2024-06-13 20:00:00,BTC Perpetual/USDT,Every 8 Hours,0.0120%,66769.6,
2024-06-13 12:00:00,BTC Perpetual/USDT,Every 8 Hours,0.0104%,66466.7,
2024-06-13 04:00:00,BTC Perpetual/USDT,Every 8 Hours,0.0031%,67728.0,
2024-06-12 20:00:00,BTC Perpetual/USDT,Every 8 Hours,0.0109%,68268.1,
2024-06-12 12:00:00,BTC Perpetual/USDT,Every 8 Hours,0.0073%,69735.2,
2024-06-12 04:00:00,BTC Perpetual/USDT,Every 8 Hours,0.0161%,67447.9,
2024-06-11 20:00:00,BTC Perpetual/USDT,Every 8 Hours,0.0252%,67308.4,
2024-06-11 12:00:00,BTC Perpetual/USDT,Every 8 Hours,0.0104%,66244.2,
2024-06-11 04:00:00,BTC Perpetual/USDT,Every 8 Hours,0.0033%,67566.3,
2024-06-10 20:00:00,BTC Perpetual/USDT,Every 8 Hours,0.0181%,69537.2,
2024-06-10 12:00:00,BTC Perpetual/USDT,Every 8 Hours,0.0088%,70055.4,
2024-06-10 04:00:00,BTC Perpetual/USDT,Every 8 Hours,0.0077%,69293.8,
2024-06-09 20:00:00,BTC Perpetual/USDT,Every 8 Hours,0.0203%,69640.3,
2024-06-09 12:00:00,BTC Perpetual/USDT,Every 8 Hours,0.0109%,69507.7,
2024-06-09 04:00:00,BTC Perpetual/USDT,Every 8 Hours,0.0133%,69298.6,
2024-06-08 20:00:00,BTC Perpetual/USDT,Every 8 Hours,0.0226%,69308.5,
2024-06-08 12:00:00,BTC Perpetual/USDT,Every 8 Hours,0.0274%,69423.9,
2024-06-08 04:00:00,BTC Perpetual/USDT,Every 8 Hours,0.0363%,69569.7,
2024-06-07 20:00:00,BTC Perpetual/USDT,Every 8 Hours,-0.0046%,69342.0,
2024-06-07 12:00:00,BTC Perpetual/USDT,Every 8 Hours,0.0236%,71107.4,
2024-06-07 04:00:00,BTC Perpetual/USDT,Every 8 Hours,0.0014%,71109.4,
2024-06-06 20:00:00,BTC Perpetual/USDT,Every 8 Hours,0.0291%,70798.4,
2024-06-06 12:00:00,BTC Perpetual/USDT,Every 8 Hours,0.0006%,71297.5,
2024-06-06 04:00:00,BTC Perpetual/USDT,Every 8 Hours,0.0055%,71020.7,
2024-06-05 20:00:00,BTC Perpetual/USDT,Every 8 Hours,0.0054%,71105.2,
2024-06-05 12:00:00,BTC Perpetual/USDT,Every 8 Hours,0.0174%,71559.5,
2024-06-05 04:00:00,BTC Perpetual/USDT,Every 8 Hours,-0.0136%,71200.6,
2024-06-04 20:00:00,BTC Perpetual/USDT,Every 8 Hours,0.0239%,70537.5,
2024-06-04 12:00:00,BTC Perpetual/USDT,Every 8 Hours,0.0283%,70444.7,
2024-06-04 04:00:00,BTC Perpetual/USDT,Every 8 Hours,0.0193%,69010.9,
2024-06-03 20:00:00,BTC Perpetual/USDT,Every 8 Hours,0.0101%,68808.7,
2024-06-03 12:00:00,BTC Perpetual/USDT,Every 8 Hours,0.0208%,69594.4,
2024-06-03 04:00:00,BTC Perpetual/USDT,Every 8 Hours,0.0186%,68904.4,
2024-06-02 20:00:00,BTC Perpetual/USDT,Every 8 Hours,0.0135%,67768.4,
2024-06-02 12:00:00,BTC Perpetual/USDT,Every 8 Hours,0.0179%,68146.3,
2024-06-02 04:00:00,BTC Perpetual/USDT,Every 8 Hours,0.0282%,67717.0,
2024-06-01 20:00:00,BTC Perpetual/USDT,Every 8 Hours,0.0327%,67761.7,
2024-06-01 12:00:00,BTC Perpetual/USDT,Every 8 Hours,0.0236%,67680.9,
2024-06-01 04:00:00,BTC Perpetual/USDT,Every 8 Hours,0.0403%,67631.9,
2024-05-31 20:00:00,BTC Perpetual/USDT,Every 8 Hours,0.0201%,67536.4,
2024-05-31 12:00:00,BTC Perpetual/USDT,Every 8 Hours,0.0170%,67206.7,
2024-05-31 04:00:00,BTC Perpetual/USDT,Every 8 Hours,0.0054%,68175.6,
2024-05-30 20:00:00,BTC Perpetual/USDT,Every 8 Hours,0.0083%,68353.0,
2024-05-30 12:00:00,BTC Perpetual/USDT,Every 8 Hours,0.0124%,68531.5,
2024-05-30 04:00:00,BTC Perpetual/USDT,Every 8 Hours,0.0295%,67587.2,
2024-05-29 20:00:00,BTC Perpetual/USDT,Every 8 Hours,0.0251%,67654.0,
2024-05-29 12:00:00,BTC Perpetual/USDT,Every 8 Hours,0.0137%,67376.6,
2024-05-29 04:00:00,BTC Perpetual/USDT,Every 8 Hours,0.0217%,67946.2,
2024-05-28 20:00:00,BTC Perpetual/USDT,Every 8 Hours,0.0274%,68405.1,
2024-05-28 12:00:00,BTC Perpetual/USDT,Every 8 Hours,0.0058%,68371.3,
2024-05-28 04:00:00,BTC Perpetual/USDT,Every 8 Hours,0.0260%,67691.9,
2024-05-27 20:00:00,BTC Perpetual/USDT,Every 8 Hours,0.0273%,69429.5,
2024-05-27 12:00:00,BTC Perpetual/USDT,Every 8 Hours,0.0150%,70386.7,
2024-05-27 04:00:00,BTC Perpetual/USDT,Every 8 Hours,0.0159%,68650.6,
2024-05-26 20:00:00,BTC Perpetual/USDT,Every 8 Hours,0.0121%,68503.5,
2024-05-26 12:00:00,BTC Perpetual/USDT,Every 8 Hours,0.0133%,68843.3,
2024-05-26 04:00:00,BTC Perpetual/USDT,Every 8 Hours,0.0107%,69347.6,
2024-05-25 20:00:00,BTC Perpetual/USDT,Every 8 Hours,0.0122%,69294.6,
2024-05-25 12:00:00,BTC Perpetual/USDT,Every 8 Hours,0.0038%,68933.4,
2024-05-25 04:00:00,BTC Perpetual/USDT,Every 8 Hours,0.0079%,68745.4,
2024-05-24 20:00:00,BTC Perpetual/USDT,Every 8 Hours,0.0093%,68566.0,
2024-05-24 12:00:00,BTC Perpetual/USDT,Every 8 Hours,0.0185%,68316.6,
2024-05-24 04:00:00,BTC Perpetual/USDT,Every 8 Hours,0.0249%,67161.3,
2024-05-23 20:00:00,BTC Perpetual/USDT,Every 8 Hours,0.0127%,67971.1,
2024-05-23 12:00:00,BTC Perpetual/USDT,Every 8 Hours,0.0501%,68077.5,
2024-05-23 04:00:00,BTC Perpetual/USDT,Every 8 Hours,0.0143%,69738.2,
2024-05-22 20:00:00,BTC Perpetual/USDT,Every 8 Hours,0.0329%,69168.0,
2024-05-22 12:00:00,BTC Perpetual/USDT,Every 8 Hours,0.0186%,70451.2,
2024-05-22 04:00:00,BTC Perpetual/USDT,Every 8 Hours,0.0352%,69702.6,
2024-05-21 20:00:00,BTC Perpetual/USDT,Every 8 Hours,0.0153%,70144.9,
2024-05-21 12:00:00,BTC Perpetual/USDT,Every 8 Hours,0.0507%,69820.1,
2024-05-21 04:00:00,BTC Perpetual/USDT,Every 8 Hours,-0.0036%,70876.1,
2024-05-20 20:00:00,BTC Perpetual/USDT,Every 8 Hours,0.0039%,71401.2,
2024-05-20 12:00:00,BTC Perpetual/USDT,Every 8 Hours,0.0009%,67418.8,
2024-05-20 04:00:00,BTC Perpetual/USDT,Every 8 Hours,0.0066%,66820.1,
2024-05-19 20:00:00,BTC Perpetual/USDT,Every 8 Hours,-0.0018%,66269.4,
2024-05-19 12:00:00,BTC Perpetual/USDT,Every 8 Hours,-0.0003%,66883.1,
2024-05-19 04:00:00,BTC Perpetual/USDT,Every 8 Hours,-0.0053%,67331.8,
2024-05-18 20:00:00,BTC Perpetual/USDT,Every 8 Hours,0.0056%,66914.0,
2024-05-18 12:00:00,BTC Perpetual/USDT,Every 8 Hours,-0.0013%,66808.0,
2024-05-18 04:00:00,BTC Perpetual/USDT,Every 8 Hours,-0.0065%,66886.1,
2024-05-17 20:00:00,BTC Perpetual/USDT,Every 8 Hours,0.0005%,67019.1,
2024-05-17 12:00:00,BTC Perpetual/USDT,Every 8 Hours,-0.0016%,67193.7,
2024-05-17 04:00:00,BTC Perpetual/USDT,Every 8 Hours,0.0120%,66385.3,
2024-05-16 20:00:00,BTC Perpetual/USDT,Every 8 Hours,0.0031%,65237.7,
2024-05-16 12:00:00,BTC Perpetual/USDT,Every 8 Hours,0.0067%,65828.9,
2024-05-16 04:00:00,BTC Perpetual/USDT,Every 8 Hours,-0.0083%,66134.9,
2024-05-15 20:00:00,BTC Perpetual/USDT,Every 8 Hours,-0.0048%,66210.8,
2024-05-15 12:00:00,BTC Perpetual/USDT,Every 8 Hours,0.0043%,64725.5,
2024-05-15 04:00:00,BTC Perpetual/USDT,Every 8 Hours,-0.0008%,62194.5,
2024-05-14 20:00:00,BTC Perpetual/USDT,Every 8 Hours,0.0065%,61577.2,
2024-05-14 12:00:00,BTC Perpetual/USDT,Every 8 Hours,-0.0013%,61778.8,
2024-05-14 04:00:00,BTC Perpetual/USDT,Every 8 Hours,-0.0023%,62029.9,
2024-05-13 20:00:00,BTC Perpetual/USDT,Every 8 Hours,0.0031%,62938.2,
2024-05-13 12:00:00,BTC Perpetual/USDT,Every 8 Hours,-0.0015%,63003.2,
2024-05-13 04:00:00,BTC Perpetual/USDT,Every 8 Hours,0.0003%,62336.3,
2024-05-12 20:00:00,BTC Perpetual/USDT,Every 8 Hours,0.0106%,61484.1,
2024-05-12 12:00:00,BTC Perpetual/USDT,Every 8 Hours,-0.0003%,61410.1,
2024-05-12 04:00:00,BTC Perpetual/USDT,Every 8 Hours,0.0049%,60823.2,
2024-05-11 20:00:00,BTC Perpetual/USDT,Every 8 Hours,-0.0025%,60827.1,
2024-05-11 12:00:00,BTC Perpetual/USDT,Every 8 Hours,0.0115%,61174.5,
2024-05-11 04:00:00,BTC Perpetual/USDT,Every 8 Hours,0.0085%,61010.7,
2024-05-10 20:00:00,BTC Perpetual/USDT,Every 8 Hours,0.0054%,60799.5,
2024-05-10 12:00:00,BTC Perpetual/USDT,Every 8 Hours,-0.0048%,60921.9,
2024-05-10 04:00:00,BTC Perpetual/USDT,Every 8 Hours,0.0081%,63076.9,
2024-05-09 20:00:00,BTC Perpetual/USDT,Every 8 Hours,0.0012%,63076.6,
2024-05-09 12:00:00,BTC Perpetual/USDT,Every 8 Hours,0.0047%,62153.9,
2024-05-09 04:00:00,BTC Perpetual/USDT,Every 8 Hours,0.0154%,61256.4,
2024-05-08 20:00:00,BTC Perpetual/USDT,Every 8 Hours,0.0037%,61187.2,
2024-05-08 12:00:00,BTC Perpetual/USDT,Every 8 Hours,0.0095%,62280.9,
2024-05-08 04:00:00,BTC Perpetual/USDT,Every 8 Hours,0.0074%,62209.9,
2024-05-07 20:00:00,BTC Perpetual/USDT,Every 8 Hours,-0.0008%,62314.5,
2024-05-07 12:00:00,BTC Perpetual/USDT,Every 8 Hours,-0.0043%,63741.2,
2024-05-07 04:00:00,BTC Perpetual/USDT,Every 8 Hours,0.0063%,63671.4,
2024-05-06 20:00:00,BTC Perpetual/USDT,Every 8 Hours,0.0027%,63165.3,
2024-05-06 12:00:00,BTC Perpetual/USDT,Every 8 Hours,0.0011%,63636.3,
2024-05-06 04:00:00,BTC Perpetual/USDT,Every 8 Hours,-0.0053%,64540.4,
2024-05-05 20:00:00,BTC Perpetual/USDT,Every 8 Hours,-0.0050%,64014.5,
2024-05-05 12:00:00,BTC Perpetual/USDT,Every 8 Hours,0.0024%,64427.5,
2024-05-05 04:00:00,BTC Perpetual/USDT,Every 8 Hours,-0.0034%,63734.4,
2024-05-04 20:00:00,BTC Perpetual/USDT,Every 8 Hours,0.0038%,63890.6,
2024-05-04 12:00:00,BTC Perpetual/USDT,Every 8 Hours,-0.0074%,63608.6,
2024-05-04 04:00:00,BTC Perpetual/USDT,Every 8 Hours,0.0131%,62957.3,
2024-05-03 20:00:00,BTC Perpetual/USDT,Every 8 Hours,-0.0186%,62878.1,
2024-05-03 12:00:00,BTC Perpetual/USDT,Every 8 Hours,0.0152%,61679.3,
2024-05-03 04:00:00,BTC Perpetual/USDT,Every 8 Hours,-0.0179%,59181.7,
2024-05-02 20:00:00,BTC Perpetual/USDT,Every 8 Hours,0.0127%,59057.0,
2024-05-02 12:00:00,BTC Perpetual/USDT,Every 8 Hours,-0.0012%,59264.8,
2024-05-02 04:00:00,BTC Perpetual/USDT,Every 8 Hours,0.0077%,57673.9,
2024-05-01 20:00:00,BTC Perpetual/USDT,Every 8 Hours,0.0229%,58346.5,
2024-05-01 12:00:00,BTC Perpetual/USDT,Every 8 Hours,0.0135%,56882.6,
2024-05-01 04:00:00,BTC Perpetual/USDT,Every 8 Hours,0.0322%,57492.6,
2024-04-30 20:00:00,BTC Perpetual/USDT,Every 8 Hours,0.0126%,60670.4,
2024-04-30 12:00:00,BTC Perpetual/USDT,Every 8 Hours,-0.0052%,60792.9,
2024-04-30 04:00:00,BTC Perpetual/USDT,Every 8 Hours,0.0075%,63147.4,
2024-04-29 20:00:00,BTC Perpetual/USDT,Every 8 Hours,0.0120%,63859.8,
2024-04-29 12:00:00,BTC Perpetual/USDT,Every 8 Hours,0.0038%,63035.6,
2024-04-29 04:00:00,BTC Perpetual/USDT,Every 8 Hours,0.0128%,62393.0,
2024-04-28 20:00:00,BTC Perpetual/USDT,Every 8 Hours,0.0102%,63122.9,
2024-04-28 12:00:00,BTC Perpetual/USDT,Every 8 Hours,-0.0128%,63536.8,
2024-04-28 04:00:00,BTC Perpetual/USDT,Every 8 Hours,0%,63913.4,
2024-04-27 20:00:00,BTC Perpetual/USDT,Every 8 Hours,0.0235%,63452.6,
2024-04-27 12:00:00,BTC Perpetual/USDT,Every 8 Hours,0.0026%,62951.0,
2024-04-27 04:00:00,BTC Perpetual/USDT,Every 8 Hours,0.0019%,62969.6,
2024-04-26 20:00:00,BTC Perpetual/USDT,Every 8 Hours,0.0086%,63768.2,
2024-04-26 12:00:00,BTC Perpetual/USDT,Every 8 Hours,-0.0152%,63500.0,
2024-04-26 04:00:00,BTC Perpetual/USDT,Every 8 Hours,0.0124%,64275.6,
2024-04-25 20:00:00,BTC Perpetual/USDT,Every 8 Hours,-0.0003%,64501.2,
2024-04-25 12:00:00,BTC Perpetual/USDT,Every 8 Hours,0.0062%,64132.7,
2024-04-25 04:00:00,BTC Perpetual/USDT,Every 8 Hours,0.0175%,64011.6,
2024-04-24 20:00:00,BTC Perpetual/USDT,Every 8 Hours,0.0109%,64290.6,
2024-04-24 12:00:00,BTC Perpetual/USDT,Every 8 Hours,0.0174%,64619.6,
2024-04-24 04:00:00,BTC Perpetual/USDT,Every 8 Hours,-0.0071%,66626.7,
2024-04-23 20:00:00,BTC Perpetual/USDT,Every 8 Hours,0.0203%,66415.6,
2024-04-23 12:00:00,BTC Perpetual/USDT,Every 8 Hours,-0.0070%,66427.3,
2024-04-23 04:00:00,BTC Perpetual/USDT,Every 8 Hours,-0.0035%,66108.6,
2024-04-22 20:00:00,BTC Perpetual/USDT,Every 8 Hours,-0.0052%,66810.1,
2024-04-22 12:00:00,BTC Perpetual/USDT,Every 8 Hours,0.0069%,65996.3,
2024-04-22 04:00:00,BTC Perpetual/USDT,Every 8 Hours,0.0078%,65974.2,
2024-04-21 20:00:00,BTC Perpetual/USDT,Every 8 Hours,0.0093%,64941.3,
2024-04-21 12:00:00,BTC Perpetual/USDT,Every 8 Hours,0.0046%,65043.0,
2024-04-21 04:00:00,BTC Perpetual/USDT,Every 8 Hours,-0.0029%,65141.8,
2024-04-20 20:00:00,BTC Perpetual/USDT,Every 8 Hours,-0.0008%,64939.3,
2024-04-20 12:00:00,BTC Perpetual/USDT,Every 8 Hours,-0.0135%,64801.8,
2024-04-20 04:00:00,BTC Perpetual/USDT,Every 8 Hours,0.0084%,63961.7,
2024-04-19 20:00:00,BTC Perpetual/USDT,Every 8 Hours,-0.0069%,63813.8,
2024-04-19 12:00:00,BTC Perpetual/USDT,Every 8 Hours,0.0035%,64440.5,
2024-04-19 04:00:00,BTC Perpetual/USDT,Every 8 Hours,-0.0102%,64556.9,
2024-04-18 20:00:00,BTC Perpetual/USDT,Every 8 Hours,0.0018%,63468.3,
2024-04-18 12:00:00,BTC Perpetual/USDT,Every 8 Hours,-0.0001%,63497.0,
2024-04-18 04:00:00,BTC Perpetual/USDT,Every 8 Hours,0.0124%,61177.3,
2024-04-17 20:00:00,BTC Perpetual/USDT,Every 8 Hours,0.0021%,61273.8,
2024-04-17 12:00:00,BTC Perpetual/USDT,Every 8 Hours,-0.0036%,60301.8,
2024-04-17 04:00:00,BTC Perpetual/USDT,Every 8 Hours,0.0003%,63292.8,
2024-04-16 20:00:00,BTC Perpetual/USDT,Every 8 Hours,0.0009%,63793.2,
2024-04-16 12:00:00,BTC Perpetual/USDT,Every 8 Hours,0.0049%,61759.1,
2024-04-16 04:00:00,BTC Perpetual/USDT,Every 8 Hours,0.0070%,63505.6,
2024-04-15 20:00:00,BTC Perpetual/USDT,Every 8 Hours,-0.0014%,63416.7,
2024-04-15 12:00:00,BTC Perpetual/USDT,Every 8 Hours,0.0022%,64569.4,
2024-04-15 04:00:00,BTC Perpetual/USDT,Every 8 Hours,-0.0083%,66265.8,
2024-04-14 20:00:00,BTC Perpetual/USDT,Every 8 Hours,-0.0012%,65661.1,
2024-04-14 12:00:00,BTC Perpetual/USDT,Every 8 Hours,-0.0114%,64182.0,
2024-04-14 04:00:00,BTC Perpetual/USDT,Every 8 Hours,0.0123%,64456.1,
2024-04-13 20:00:00,BTC Perpetual/USDT,Every 8 Hours,0.0093%,63916.5,
2024-04-13 12:00:00,BTC Perpetual/USDT,Every 8 Hours,0.0206%,67668.1,
2024-04-13 04:00:00,BTC Perpetual/USDT,Every 8 Hours,0.0253%,67433.2,
2024-04-12 20:00:00,BTC Perpetual/USDT,Every 8 Hours,0.0202%,67115.6,
2024-04-12 12:00:00,BTC Perpetual/USDT,Every 8 Hours,0.0227%,69343.3,
2024-04-12 04:00:00,BTC Perpetual/USDT,Every 8 Hours,0.0201%,70761.3,
2024-04-11 20:00:00,BTC Perpetual/USDT,Every 8 Hours,0.0312%,70005.6,
2024-04-11 12:00:00,BTC Perpetual/USDT,Every 8 Hours,0.0144%,70002.3,
2024-04-11 04:00:00,BTC Perpetual/USDT,Every 8 Hours,0.0222%,70737.2,
2024-04-10 20:00:00,BTC Perpetual/USDT,Every 8 Hours,0.0384%,70631.8,
2024-04-10 12:00:00,BTC Perpetual/USDT,Every 8 Hours,0.0291%,68658.0,
2024-04-10 04:00:00,BTC Perpetual/USDT,Every 8 Hours,0.0486%,69336.9,
2024-04-09 20:00:00,BTC Perpetual/USDT,Every 8 Hours,0.0314%,69150.1,
2024-04-09 12:00:00,BTC Perpetual/USDT,Every 8 Hours,0.0301%,69259.7,
2024-04-09 04:00:00,BTC Perpetual/USDT,Every 8 Hours,0.0251%,70385.5,
2024-04-08 20:00:00,BTC Perpetual/USDT,Every 8 Hours,0.0226%,71626.4,
2024-04-08 12:00:00,BTC Perpetual/USDT,Every 8 Hours,0.0168%,71768.8,
2024-04-08 04:00:00,BTC Perpetual/USDT,Every 8 Hours,0.0282%,70696.0,
2024-04-07 20:00:00,BTC Perpetual/USDT,Every 8 Hours,0.0072%,69350.0,
2024-04-07 12:00:00,BTC Perpetual/USDT,Every 8 Hours,0.0133%,69543.1,
2024-04-07 04:00:00,BTC Perpetual/USDT,Every 8 Hours,0.0026%,69354.5,
2024-04-06 20:00:00,BTC Perpetual/USDT,Every 8 Hours,0.0158%,68886.0,
2024-04-06 12:00:00,BTC Perpetual/USDT,Every 8 Hours,0.0082%,68098.3,
2024-04-06 04:00:00,BTC Perpetual/USDT,Every 8 Hours,0.0165%,67993.8,
2024-04-05 20:00:00,BTC Perpetual/USDT,Every 8 Hours,0.0115%,67822.4,
2024-04-05 12:00:00,BTC Perpetual/USDT,Every 8 Hours,0.0219%,68212.0,
2024-04-05 04:00:00,BTC Perpetual/USDT,Every 8 Hours,-0.0136%,66924.0,
2024-04-04 20:00:00,BTC Perpetual/USDT,Every 8 Hours,0.0275%,68485.2,
2024-04-04 12:00:00,BTC Perpetual/USDT,Every 8 Hours,0.0048%,67640.0,
2024-04-04 04:00:00,BTC Perpetual/USDT,Every 8 Hours,0.0173%,66081.6,
2024-04-03 20:00:00,BTC Perpetual/USDT,Every 8 Hours,0.0109%,65959.2,
2024-04-03 12:00:00,BTC Perpetual/USDT,Every 8 Hours,0.0324%,65846.2,
2024-04-03 04:00:00,BTC Perpetual/USDT,Every 8 Hours,0.0052%,66139.3,
2024-04-02 20:00:00,BTC Perpetual/USDT,Every 8 Hours,0.0690%,65482.9,
2024-04-02 12:00:00,BTC Perpetual/USDT,Every 8 Hours,0.0094%,64891.2,
2024-04-02 04:00:00,BTC Perpetual/USDT,Every 8 Hours,0.0879%,66444.9,
2024-04-01 20:00:00,BTC Perpetual/USDT,Every 8 Hours,0.0483%,69653.0,
2024-04-01 12:00:00,BTC Perpetual/USDT,Every 8 Hours,0.1140%,68234.2,
2024-04-01 04:00:00,BTC Perpetual/USDT,Every 8 Hours,0.0848%,69593.1,
2024-03-31 20:00:00,BTC Perpetual/USDT,Every 8 Hours,0.0845%,71264.5,
2024-03-31 12:00:00,BTC Perpetual/USDT,Every 8 Hours,0.0739%,70375.1,
2024-03-31 04:00:00,BTC Perpetual/USDT,Every 8 Hours,0.0756%,70292.9,
2024-03-30 20:00:00,BTC Perpetual/USDT,Every 8 Hours,0.0820%,69570.9,
2024-03-30 12:00:00,BTC Perpetual/USDT,Every 8 Hours,0.0635%,69999.5,
2024-03-30 04:00:00,BTC Perpetual/USDT,Every 8 Hours,0.0879%,69844.4,
2024-03-29 20:00:00,BTC Perpetual/USDT,Every 8 Hours,0.0724%,69846.1,
2024-03-29 12:00:00,BTC Perpetual/USDT,Every 8 Hours,0.0489%,69189.2,
2024-03-29 04:00:00,BTC Perpetual/USDT,Every 8 Hours,0.0456%,69799.7,
2024-03-28 20:00:00,BTC Perpetual/USDT,Every 8 Hours,0.0625%,70794.3,
2024-03-28 12:00:00,BTC Perpetual/USDT,Every 8 Hours,0.0468%,71285.5,
2024-03-28 04:00:00,BTC Perpetual/USDT,Every 8 Hours,0.0874%,70389.1,
2024-03-27 20:00:00,BTC Perpetual/USDT,Every 8 Hours,0.1013%,69468.0,
2024-03-27 12:00:00,BTC Perpetual/USDT,Every 8 Hours,0.0688%,68864.0,
2024-03-27 04:00:00,BTC Perpetual/USDT,Every 8 Hours,0.0542%,69742.6,
2024-03-26 20:00:00,BTC Perpetual/USDT,Every 8 Hours,0.0414%,69989.7,
2024-03-26 12:00:00,BTC Perpetual/USDT,Every 8 Hours,0.0217%,70250.0,
2024-03-26 04:00:00,BTC Perpetual/USDT,Every 8 Hours,0.0321%,70484.7,
2024-03-25 20:00:00,BTC Perpetual/USDT,Every 8 Hours,0.0188%,69868.9,
2024-03-25 12:00:00,BTC Perpetual/USDT,Every 8 Hours,0.0297%,69780.8,
2024-03-25 04:00:00,BTC Perpetual/USDT,Every 8 Hours,0.0041%,66809.6,
2024-03-24 20:00:00,BTC Perpetual/USDT,Every 8 Hours,0.0318%,67215.7,
2024-03-24 12:00:00,BTC Perpetual/USDT,Every 8 Hours,0.0156%,65668.0,
2024-03-24 04:00:00,BTC Perpetual/USDT,Every 8 Hours,0.0129%,64585.9,
2024-03-23 20:00:00,BTC Perpetual/USDT,Every 8 Hours,0.0204%,63990.7,
2024-03-23 12:00:00,BTC Perpetual/USDT,Every 8 Hours,0.0095%,65099.4,
2024-03-23 04:00:00,BTC Perpetual/USDT,Every 8 Hours,0.0317%,64575.9,
2024-03-22 20:00:00,BTC Perpetual/USDT,Every 8 Hours,0.0117%,63790.0,
2024-03-22 12:00:00,BTC Perpetual/USDT,Every 8 Hours,0.0245%,63875.8,
2024-03-22 04:00:00,BTC Perpetual/USDT,Every 8 Hours,0.0261%,66188.1,
2024-03-21 20:00:00,BTC Perpetual/USDT,Every 8 Hours,0.0332%,65504.1,
2024-03-21 12:00:00,BTC Perpetual/USDT,Every 8 Hours,0.0105%,66561.3,
2024-03-21 04:00:00,BTC Perpetual/USDT,Every 8 Hours,0.0062%,66984.2,
2024-03-20 20:00:00,BTC Perpetual/USDT,Every 8 Hours,0.0271%,67841.1,
2024-03-20 12:00:00,BTC Perpetual/USDT,Every 8 Hours,0.0275%,63600.3,
2024-03-20 04:00:00,BTC Perpetual/USDT,Every 8 Hours,0.0188%,62952.6,
2024-03-19 20:00:00,BTC Perpetual/USDT,Every 8 Hours,0.0377%,61931.8,
2024-03-19 12:00:00,BTC Perpetual/USDT,Every 8 Hours,0.0298%,64047.0,
2024-03-19 04:00:00,BTC Perpetual/USDT,Every 8 Hours,0.0350%,64693.8,
2024-03-18 20:00:00,BTC Perpetual/USDT,Every 8 Hours,0.0520%,67615.9,
2024-03-18 12:00:00,BTC Perpetual/USDT,Every 8 Hours,0.0325%,67473.2,
2024-03-18 04:00:00,BTC Perpetual/USDT,Every 8 Hours,0.0406%,68208.3,
2024-03-17 20:00:00,BTC Perpetual/USDT,Every 8 Hours,0.0458%,68395.8,
2024-03-17 12:00:00,BTC Perpetual/USDT,Every 8 Hours,0.0412%,67971.3,
2024-03-17 04:00:00,BTC Perpetual/USDT,Every 8 Hours,0.0775%,65640.4,
2024-03-16 20:00:00,BTC Perpetual/USDT,Every 8 Hours,0.0509%,65308.2,
2024-03-16 12:00:00,BTC Perpetual/USDT,Every 8 Hours,0.0405%,68380.0,
2024-03-16 04:00:00,BTC Perpetual/USDT,Every 8 Hours,0.0441%,69428.2,
2024-03-15 20:00:00,BTC Perpetual/USDT,Every 8 Hours,0.0861%,69492.1,
2024-03-15 12:00:00,BTC Perpetual/USDT,Every 8 Hours,0.1378%,68155.9,
2024-03-15 04:00:00,BTC Perpetual/USDT,Every 8 Hours,0.0983%,68445.2,
2024-03-14 20:00:00,BTC Perpetual/USDT,Every 8 Hours,0.0529%,71387.9,
2024-03-14 12:00:00,BTC Perpetual/USDT,Every 8 Hours,0.0282%,70845.4,
2024-03-14 04:00:00,BTC Perpetual/USDT,Every 8 Hours,0.0317%,73223.8,
2024-03-13 20:00:00,BTC Perpetual/USDT,Every 8 Hours,0.0787%,73078.1,
2024-03-13 12:00:00,BTC Perpetual/USDT,Every 8 Hours,0.0484%,72632.2,
2024-03-13 04:00:00,BTC Perpetual/USDT,Every 8 Hours,0.0654%,72861.2,
2024-03-12 20:00:00,BTC Perpetual/USDT,Every 8 Hours,0.0523%,71450.0,
2024-03-12 12:00:00,BTC Perpetual/USDT,Every 8 Hours,0.0706%,71709.6,
2024-03-12 04:00:00,BTC Perpetual/USDT,Every 8 Hours,0.0540%,72124.3,
2024-03-11 20:00:00,BTC Perpetual/USDT,Every 8 Hours,0.1275%,72085.5,
2024-03-11 12:00:00,BTC Perpetual/USDT,Every 8 Hours,0.0484%,72010.7,
2024-03-11 04:00:00,BTC Perpetual/USDT,Every 8 Hours,0.0415%,70990.0,
2024-03-10 20:00:00,BTC Perpetual/USDT,Every 8 Hours,0.0965%,68953.9,
2024-03-10 12:00:00,BTC Perpetual/USDT,Every 8 Hours,0.0419%,69197.7,
2024-03-10 04:00:00,BTC Perpetual/USDT,Every 8 Hours,0.0619%,69351.3,
2024-03-09 20:00:00,BTC Perpetual/USDT,Every 8 Hours,0.0660%,68313.0,
2024-03-09 12:00:00,BTC Perpetual/USDT,Every 8 Hours,0.0341%,68290.0,
2024-03-09 04:00:00,BTC Perpetual/USDT,Every 8 Hours,0.0618%,68286.0,
2024-03-08 20:00:00,BTC Perpetual/USDT,Every 8 Hours,0.0710%,68124.1,
2024-03-08 12:00:00,BTC Perpetual/USDT,Every 8 Hours,0.0485%,67620.2,
2024-03-08 04:00:00,BTC Perpetual/USDT,Every 8 Hours,0.0602%,67236.1,
2024-03-07 20:00:00,BTC Perpetual/USDT,Every 8 Hours,0.0614%,66820.2,
2024-03-07 12:00:00,BTC Perpetual/USDT,Every 8 Hours,0.0516%,67262.1,
2024-03-07 04:00:00,BTC Perpetual/USDT,Every 8 Hours,0.0410%,66386.1,
2024-03-06 20:00:00,BTC Perpetual/USDT,Every 8 Hours,0.0916%,66074.1,
2024-03-06 12:00:00,BTC Perpetual/USDT,Every 8 Hours,0.0199%,66476.8,
2024-03-06 04:00:00,BTC Perpetual/USDT,Every 8 Hours,0.1272%,66681.7,
2024-03-05 20:00:00,BTC Perpetual/USDT,Every 8 Hours,0.1547%,63714.1,
2024-03-05 12:00:00,BTC Perpetual/USDT,Every 8 Hours,0.1378%,66776.0,
2024-03-05 04:00:00,BTC Perpetual/USDT,Every 8 Hours,0.1294%,66138.6,
2024-03-04 20:00:00,BTC Perpetual/USDT,Every 8 Hours,0.1193%,68248.5,
2024-03-04 12:00:00,BTC Perpetual/USDT,Every 8 Hours,0.0941%,66453.5,
2024-03-04 04:00:00,BTC Perpetual/USDT,Every 8 Hours,0.0697%,64064.1,
2024-03-03 20:00:00,BTC Perpetual/USDT,Every 8 Hours,0.0785%,63106.1,
2024-03-03 12:00:00,BTC Perpetual/USDT,Every 8 Hours,0.1047%,62164.1,
2024-03-03 04:00:00,BTC Perpetual/USDT,Every 8 Hours,0.0958%,61597.1,
2024-03-02 20:00:00,BTC Perpetual/USDT,Every 8 Hours,0.0939%,61982.0,
2024-03-02 12:00:00,BTC Perpetual/USDT,Every 8 Hours,0.0556%,61772.0,
2024-03-02 04:00:00,BTC Perpetual/USDT,Every 8 Hours,0.0473%,62018.2,
2024-03-01 20:00:00,BTC Perpetual/USDT,Every 8 Hours,0.0791%,62381.7,
2024-03-01 12:00:00,BTC Perpetual/USDT,Every 8 Hours,0.0706%,61266.0,
2024-03-01 04:00:00,BTC Perpetual/USDT,Every 8 Hours,0.0969%,61429.9,
2024-02-29 20:00:00,BTC Perpetual/USDT,Every 8 Hours,0.1261%,61143.2,
2024-02-29 12:00:00,BTC Perpetual/USDT,Every 8 Hours,0.1080%,62768.0,
2024-02-29 04:00:00,BTC Perpetual/USDT,Every 8 Hours,0.1170%,62700.0,
2024-02-28 20:00:00,BTC Perpetual/USDT,Every 8 Hours,0.0378%,62429.7,
2024-02-28 12:00:00,BTC Perpetual/USDT,Every 8 Hours,0.0277%,60968.8,
2024-02-28 04:00:00,BTC Perpetual/USDT,Every 8 Hours,0.0202%,58244.2,
2024-02-27 20:00:00,BTC Perpetual/USDT,Every 8 Hours,0.0467%,57031.8,
2024-02-27 12:00:00,BTC Perpetual/USDT,Every 8 Hours,0.0571%,56745.8,
2024-02-27 04:00:00,BTC Perpetual/USDT,Every 8 Hours,0.0360%,56052.4,
2024-02-26 20:00:00,BTC Perpetual/USDT,Every 8 Hours,0.0290%,54472.1,
2024-02-26 12:00:00,BTC Perpetual/USDT,Every 8 Hours,0.0338%,52834.0,
2024-02-26 04:00:00,BTC Perpetual/USDT,Every 8 Hours,0.0244%,51290.1,
2024-02-25 20:00:00,BTC Perpetual/USDT,Every 8 Hours,0.0339%,51725.9,
2024-02-25 12:00:00,BTC Perpetual/USDT,Every 8 Hours,0.0242%,51525.9,
2024-02-25 04:00:00,BTC Perpetual/USDT,Every 8 Hours,0.0218%,51719.8,
2024-02-24 20:00:00,BTC Perpetual/USDT,Every 8 Hours,0.0223%,51562.1,
2024-02-24 12:00:00,BTC Perpetual/USDT,Every 8 Hours,0.0287%,51098.5,
2024-02-24 04:00:00,BTC Perpetual/USDT,Every 8 Hours,0.0188%,51068.0,
2024-02-23 20:00:00,BTC Perpetual/USDT,Every 8 Hours,0.0362%,50746.2,
2024-02-23 12:00:00,BTC Perpetual/USDT,Every 8 Hours,0.0152%,50910.3,
2024-02-23 04:00:00,BTC Perpetual/USDT,Every 8 Hours,0.0251%,50917.9,
2024-02-22 20:00:00,BTC Perpetual/USDT,Every 8 Hours,0.0261%,51289.6,
2024-02-22 12:00:00,BTC Perpetual/USDT,Every 8 Hours,0.0163%,51598.0,
2024-02-22 04:00:00,BTC Perpetual/USDT,Every 8 Hours,0.0335%,51823.9,
2024-02-21 20:00:00,BTC Perpetual/USDT,Every 8 Hours,0.0152%,51854.3,
2024-02-21 12:00:00,BTC Perpetual/USDT,Every 8 Hours,0.0181%,51154.0,
2024-02-21 04:00:00,BTC Perpetual/USDT,Every 8 Hours,0.0203%,51567.7,
2024-02-20 20:00:00,BTC Perpetual/USDT,Every 8 Hours,0.0329%,52263.8,
2024-02-20 12:00:00,BTC Perpetual/USDT,Every 8 Hours,0.0252%,51669.4,
2024-02-20 04:00:00,BTC Perpetual/USDT,Every 8 Hours,0.0182%,51837.7,
2024-02-19 20:00:00,BTC Perpetual/USDT,Every 8 Hours,0.0244%,51777.1,
2024-02-19 12:00:00,BTC Perpetual/USDT,Every 8 Hours,0.0334%,52120.8,
2024-02-19 04:00:00,BTC Perpetual/USDT,Every 8 Hours,0.0303%,52399.0,
2024-02-18 20:00:00,BTC Perpetual/USDT,Every 8 Hours,0.0141%,52133.0,
2024-02-18 12:00:00,BTC Perpetual/USDT,Every 8 Hours,0.0294%,51773.9,
2024-02-18 04:00:00,BTC Perpetual/USDT,Every 8 Hours,0.0220%,51665.6,
2024-02-17 20:00:00,BTC Perpetual/USDT,Every 8 Hours,0.0187%,51644.1,
2024-02-17 12:00:00,BTC Perpetual/USDT,Every 8 Hours,0.0145%,50986.9,
2024-02-17 04:00:00,BTC Perpetual/USDT,Every 8 Hours,0.0060%,51910.7,
2024-02-16 20:00:00,BTC Perpetual/USDT,Every 8 Hours,0.0309%,52121.1,
2024-02-16 12:00:00,BTC Perpetual/USDT,Every 8 Hours,0.0259%,51885.2,
2024-02-16 04:00:00,BTC Perpetual/USDT,Every 8 Hours,0.0224%,51746.5,
2024-02-15 20:00:00,BTC Perpetual/USDT,Every 8 Hours,0.0218%,51880.4,
2024-02-15 12:00:00,BTC Perpetual/USDT,Every 8 Hours,0.0173%,51949.7,
2024-02-15 04:00:00,BTC Perpetual/USDT,Every 8 Hours,0.0255%,51782.2,
2024-02-14 20:00:00,BTC Perpetual/USDT,Every 8 Hours,0.0358%,51792.0,
2024-02-14 12:00:00,BTC Perpetual/USDT,Every 8 Hours,-0.0008%,51586.2,
2024-02-14 04:00:00,BTC Perpetual/USDT,Every 8 Hours,0.0095%,49832.1,
2024-02-13 20:00:00,BTC Perpetual/USDT,Every 8 Hours,0.0156%,49694.4,
2024-02-13 12:00:00,BTC Perpetual/USDT,Every 8 Hours,0.0190%,48728.1,
2024-02-13 04:00:00,BTC Perpetual/USDT,Every 8 Hours,0.0258%,49987.8,
2024-02-12 20:00:00,BTC Perpetual/USDT,Every 8 Hours,0.0022%,49923.9,
2024-02-12 12:00:00,BTC Perpetual/USDT,Every 8 Hours,0.0236%,49910.0,
2024-02-12 04:00:00,BTC Perpetual/USDT,Every 8 Hours,0.0152%,48203.9,
